0.0 0.5 0.0 -0.5 0.7
0.08006405124099279 0.493685395953 -0.156062880948 -0.438280225222 0.840117821291
0.16012810248198558 0.475328327179 -0.300205367746 -0.365781270569 0.968712857131
0.2401921537229784 0.446026522864 -0.428904158451 -0.28355403277 1.08263064366
0.32025620496397117 0.407144869952 -0.539023721095 -0.192888555841 1.17906498414
0.400320256204964 0.360281055601 -0.627893315237 -0.0952831816159 1.25562691834
0.4803843074459568 0.30722623161 -0.69337166296 0.00759075541662 1.31040263093
0.5604483586869495 0.249919235389 -0.733901064929 0.113930006186 1.34200190685
0.6405124099279423 0.190399482774 -0.748543287477 0.221841669316 1.34959026192
0.7205764611689351 0.130755733533 -0.737003740177 0.329389152671 1.33291058643
0.800640512409928 0.0730742891388 -0.699638295865 0.434638641067 1.29228924427
0.8807045636509208 0.0193871576887 -0.637444601193 0.535705592991 1.22862828235
0.9607686148919136 -0.0283784467416 -0.552037417277 0.630800041555 1.14338333818
1.0408326661329064 -0.0684480373972 -0.445609082975 0.718269595575 1.03852822378
1.120896717373899 -0.0992440207626 -0.32087564365 0.79663906603 0.916506672235
1.200960768614892 -0.119425047381 -0.18101024527 0.864645779632 0.780172679369
1.2810248198558847 -0.127919542598 -0.0295652916403 0.921269679459 0.632720781972
1.3610888710968776 -0.123952663513 0.129614645822 0.965757537638 0.477608053942
1.4411529223378703 -0.107065957295 0.29248712769 0.997640630884 0.318469645488
1.521216973578863 -0.07712923336 0.454911013503 1.01674544228 0.159029962622
1.601281024819856 -0.034344430085 0.612748005663 1.02319719282 0.00301171710377
1.6813450760608486 0.0207586873727 0.761964166328 1.01741605622 -0.145955000458
1.7614091273018415 0.0873348759818 0.898728889732 1.00010616641 -0.284421369899
1.8414731785428342 0.164243495228 1.01950889132 0.972237699841 -0.409204029437
1.9215372297838271 0.2500758402 1.12115493802 0.935022461333 -0.517462764364
2.00160128102482 0.343189055528 1.2009791804 0.88988357494 -0.606769780896
2.0816653322658127 0.441745797615 1.25682118668 0.838420025383 -0.675168863569
2.1617293835068057 0.543758697721 1.28710106695 0.782366898336 -0.72122297314
2.241793434747798 0.647138463933 1.29085848094 0.723552360043 -0.744049204196
2.321857485988791 0.749744560678 1.26777639764 0.663852326604 -0.743340089234
2.401921537229784 0.849437150389 1.21818910421 0.605144000758 -0.719370799066
2.4819855884707764 0.944128974409 1.14307389768 0.549259460711 -0.672991732149
2.5620496397117694 1.03183615106 1.0440292318 0.497940216584 -0.60560897546
2.6421136909527623 1.11072629354 0.92323291038 0.45279416373 -0.519146898216
2.722177742193755 1.17916288155 0.783391193075 0.415255889112 -0.416002608275
2.8022417934347477 1.23574503784 0.627672254347 0.386551089468 -0.298986397827
2.8823058446757406 1.2793415491 0.45962899769 0.367666141198 -0.171252657441
2.9623698959167335 1.30911814587 0.283112585791 0.359323703876 -0.0362224769483
3.042433947157726 1.32455776271 0.102177927149 0.36196460727 0.102500956062
3.122497998398719 1.32547280575 -0.0790147089625 0.375736892875 0.241220424303
3.202562049639712 1.3120096137 -0.256301496837 0.400491843308 0.376235810388
3.2826261008807047 1.28464465496 -0.425616654873 0.435787409149 0.503935043573
3.362690152121697 1.24417264392 -0.583091687003 0.480898869199 0.620882933644
3.44275420336269 1.19168705806 -0.725149331563 0.534836292789 0.723905265342
3.522818254603683 1.12855305141 -0.848591722669 0.596368808391 0.810167709491
3.602882305844676 1.05637407811 -0.950677422019 0.664054501622 0.877244768308
3.6829463570856684 0.976952445627 -1.02918836013 0.736275746375 0.923179684173
3.7630104083266613 0.892245462548 -1.08248458963 0.811278478273 0.94653343446
3.8430744595676543 0.804317171422 -1.10954343722 0.887215418401 0.946419755578
3.9231385108086467 0.715287661599 -1.10998374705 0.962191461301 0.922526816663
4.00320256204964 0.627281651238 -1.08407552379 1.03430971486 0.875125819089
4.083266613290633 0.542376283385 -1.0327329344 1.10171824095 0.805064694035
4.1633306645316255 0.462550575258 -0.957491525349 1.16265531264 0.71374766543
4.243394715772618 0.389636889711 -0.860470268646 1.21549285795 0.603101227624
4.323458767013611 0.325276233069 -0.744319296604 1.2587764743 0.475527307756
4.403522818254603 0.270878272302 -0.612154611575 1.29126121405 0.333844764748
4.483586869495596 0.227587203151 -0.467481807602 1.31194212786 0.18122104899
4.563650920736589 0.196253694127 -0.31410956573 1.32007936452 0.0210947048589
4.643714971977582 0.177414474847 -0.156056217544 1.3152164226 -0.142908333635
4.723779023218575 0.171279441931 0.00254884027664 1.29719166767 -0.307063057594
4.803843074459568 0.177726801241 0.157566746579 1.26614265046 -0.467636397547
4.883907125700561 0.196306399751 0.304950706605 1.22250308869 -0.620978174805
4.963971176941553 0.226251096232 0.440845394213 1.16699264782 -0.763610146103
5.044035228182546 0.266495911142 0.56168161247 1.10059975302 -0.89231080164
5.124099279423539 0.315704510685 0.664264016996 1.0245578312 -1.00419395031
5.204163330664532 0.372302379057 0.745849761611 0.940315561293 -1.09677917543
5.2842273819055245 0.434515783064 0.804215567376 0.849501935378 -1.16805192305
5.3642914331465175 0.500415633926 0.837712657798 0.753886932022 -1.21651272406
5.44435548438751 0.567965254441 0.845307406739 0.655338690236 -1.24121362145
5.524419535628502 0.635070737572 0.826606832057 0.555778360661 -1.24178102644
5.604483586869495 0.699632751289 0.781868578048 0.45713365951 -1.21842468382
5.684547638110488 0.75959848362 0.711994705627 0.361292294904 -1.17193213662
5.764611689351481 0.813012461064 0.618509952604 0.27005640008 -1.10364928308
5.844675740592474 0.858065025358 0.503524566593 0.185099061576 -1.01544711784
5.924739791833467 0.893137244047 0.369682834168 0.107924039022 -0.909675663515
6.00480384307446 0.916841160378 0.220098680454 0.0398296567085 -0.789106322974
6.084867894315452 0.928054434419 0.0582794759784 -0.0181222840092 -0.656863670606
6.164931945556445 0.925948456832 -0.11195954316 -0.0651317487882 -0.516348836867
6.244995996797438 0.910009317064 -0.286588545445 -0.100679317195 -0.37115600529
6.325060048038431 0.880051070063 -0.46146159552 -0.12453813452 -0.224984232717
6.405124099279424 0.836220974954 -0.632417972147 -0.136778675998 -0.0815467374818
6.4851881505204165 0.778996616309 -0.795383920087 -0.137766243325 0.0555202021027
6.5652522017614094 0.709174919382 -0.946472216142 -0.128151203559 0.182746393012
6.645316253002402 0.627853377339 -1.08207723254 -0.108852255095 0.296912841885
6.725380304243394 0.536403928441 -1.19896309034 -0.0810331128324 0.395130682815
6.805444355484387 0.436440112433 -1.29434278449 -0.0460731758798 0.474912021635
6.88550840672538 0.329778324351 -1.3659463221 -0.00553291043831 0.534230942906
6.965572457966373 0.218394114514 -1.41207621212 0.0388852026532 0.57157319158
7.045636509207366 0.104374583673 -1.43164897101 0.0853792164758 0.585973333498
7.125700560448359 -0.0101319367732 -1.42422158287 0.132092697236 0.577038444039
7.205764611689352 -0.12296769536 -1.39000229934 0.177161038038 0.544957774652
7.285828662930344 -0.232017566955 -1.32984551039 0.218757983508 0.490498156433
7.365892714171337 -0.335260052496 -1.24523080921 0.255141216929 0.414985250975
7.44595676541233 -0.430815974813 -1.13822676793 0.284695884157 0.32027111144
7.526020816653323 -0.516993680744 -1.01144032916 0.305974988964 0.208688864007
7.606084867894316 -0.592329784091 -0.867952908739 0.317735795365 0.082995490796
7.6861489191353085 -0.65562416051 -0.711244856413 0.31897108286 -0.0536958112511
7.766212970376301 -0.705968319685 -0.545110806932 0.308934471455 -0.197991427678
7.8462770216172935 -0.742767204373 -0.373566274242 0.287159860907 -0.346300964248
7.926341072858286 -0.765752809694 -0.200749688268 0.25347354568 -0.494924964495
8.00640512409928 -0.774990017256 -0.0308210744108 0.207999358997 -0.640145632459
8.086469175340273 -0.770874245491 0.132139685506 0.151156489147 -0.778317929004
8.166533226581265 -0.75412098418 0.284232656406 0.0836500290061 -0.90595893339
8.246597277822257 -0.725747618847 0.421833215027 0.00645462215079 -1.01983322944
8.326661329063251 -0.687047748917 0.541680719964 -0.079208611755 -1.11703229527
8.406725380304243 -0.639558709828 0.64095809299 -0.171901236228 -1.19504575304
8.486789431545237 -0.585023303262 0.717360712388 -0.270001842635 -1.25182304678
8.566853482786229 -0.525346426013 0.769152713244 -0.371744961786 -1.28582384216
8.646917534027223 -0.462547692201 0.795209050952 -0.475263562058 -1.29605567649
8.726981585268215 -0.398711522745 0.795043935384 -0.578633814252 -1.28209940285
8.807045636509207 -0.335934962444 0.768820671539 -0.679921889554 -1.24411798283
8.8871096877502 -0.276276218357 0.717348970597 -0.77723011034 -1.18285405848
8.967173738991193 -0.221703362618 0.642064412912 -0.868742951875 -1.09961154056
9.047237790232186 -0.174045652054 0.544993200252 -0.952770699007 -0.996224022581
9.127301841473178 -0.134948062209 0.42870222405 -1.02779022262 -0.87501004468
9.207365892714172 -0.105830478598 0.296236031183 -1.09248158373 -0.738716623585
9.287429943955164 -0.0878523630937 0.151042053364 -1.14575973273 -0.590452271949
9.367493995196156 -0.0818838275728 -0.00311404397154 -1.18680046902 -0.433611169028
9.44755804643715 -0.0884838157921 -0.162240806878 -1.21506003324 -0.271790351042
9.527622097678142 -0.107885912671 -0.322218978037 -1.2302878672 -0.108701939849
9.607686148919136 -0.139992153379 -0.478902616033 -1.23253220777 0.0519174357281
9.687750200160128 -0.184374962313 -0.62822093683 -1.22213839847 0.206397866029
9.767814251401122 -0.240287195018 -0.766278035354 -1.19973994254 0.351225489058
9.847878302642114 -0.306679998401 -0.889448833924 -1.16624255257 0.483128440887
9.927942353883106 -0.382228116632 -0.994467977386 -1.12280153014 0.599156490591
10.0080064051241 -0.465361967769 -1.07851012119 -1.07079307994 0.696752968336
10.088070456365092 -0.554305738036 -1.1392593806 -1.01178023255 0.77381698803
10.168134507606085 -0.647120518899 -1.17496634704 -0.947474249049 0.828754537104
10.248198558847077 -0.741751551439 -1.18449119306 -0.879692344794 0.860517109426
10.328262610088071 -0.836078157052 -1.16733208457 -0.81031300514 0.868627181549
10.408326661329063 -0.92796549289 -1.12363767644 -0.741229664295 0.853189436407
10.488390712570055 -1.01531661383 -1.054203752 -0.674304106992 0.814887788438
10.568454763811049 -1.09612360338 -0.960454058165 -0.611320701152 0.75496825662
10.648518815052041 -1.16851656537 -0.844405861508 -0.55394254332 0.675208155625
10.728582866293035 -1.23080942913 -0.708621747593 -0.503670455029 0.577872968307
10.808646917534027 -1.28154085109 -0.55614443775 -0.461806366567 0.465658010913
10.88871096877502 -1.3195100143 -0.390425740321 -0.429421267907 0.341624845848
10.968775020016013 -1.34380605298 -0.215240953743 -0.407328864609 0.209124667038
11.048839071257005 -1.35383025235 -0.0345971574951 -0.396065700654 0.071716212036
11.128903122497999 -1.34931075671 0.14736468011 -0.395877987174 -0.066921862769
11.20896717373899 -1.33030926722 0.326471097466 -0.406715601365 -0.203081744118
11.289031224979984 -1.29721947567 0.498617095617 -0.428233482821 -0.333116830292
11.369095276220976 -1.25075768273 0.659867210099 -0.459800025621 -0.453532203394
11.44915932746197 -1.19194526223 0.806551005531 -0.500512769332 -0.561070107497
11.529223378702962 -1.12208383431 0.935352769452 -0.549220616225 -0.652790232519
11.609287429943954 -1.04272356296 1.04339232355 -0.604552202675 -0.726142044141
11.689351481184948 -0.95562540468 1.12829517157 -0.664949684414 -0.779027565245
11.76941553242594 -0.862718184685 1.18825040081 -0.728707150862 -0.809853191184
11.849479583666934 -0.766051657059 1.22205458107 -0.79401263301 -0.817568966549
11.929543634907926 -0.667746578968 1.22914097355 -0.858992782465 -0.801694707549
12.00960768614892 -0.569943092858 1.20959305562 -0.921759062982 -0.762332080114
12.089671737389912 -0.474748651971 1.16414218841 -0.980454348324 -0.700162478669
12.169735788630904 -0.384186773681 1.09414939272 -1.03329877623 -0.616430674775
12.249799839871898 -0.300147865476 1.00157173009 -1.07863374382 -0.512914680484
12.32986389111289 -0.224343358158 0.888914099959 -1.11496293897 -0.391882552811
12.409927942353884 -0.158264205697 0.759167624714 -1.14098945899 -0.25603718851
12.489991993594876 -0.103144835088 0.615736134471 -1.15564804649 -0.108450463065
12.57005604483587 -0.0599333843197 0.462352562438 -1.1581316921 0.0475116644402
12.650120096076861 -0.0292689804449 0.30298728395 -1.14791193059 0.208271259999
12.730184147317853 -0.0114665966948 0.141750654744 -1.12475234787 0.370125717036
12.810248198558847 -0.00650986930306 -0.0172079152504 -1.08871495817 0.52933816032
12.89031224979984 -0.01405205648 -0.169801656069 -1.04015928785 0.682228536702
12.970376301040833 -0.0334250748926 -0.31210688821 -0.979734224117 0.825263591304
13.050440352281825 -0.0636564522948 -0.440459222094 -0.90836277287 0.955143036062
13.130504403522819 -0.103493738578 -0.551543515142 -0.827220135945 1.06888012742
13.210568454763811 -0.151435790087 -0.642475229661 -0.737705631608 1.16387454262
13.290632506004805 -0.20577015309 -0.710871262437 -0.641409151699 1.23797582712
13.370696557245797 -0.264615637895 -0.754908488336 -0.540072969011 1.28953583918
13.450760608486789 -0.325969071762 -0.773368407079 -0.435549801065 1.31744874896
13.530824659727783 -0.387754942304 -0.76566748756 -0.329758284103 1.32117822912
13.610888710968775 -0.447876979144 -0.731871451719 -0.224636709965 1.30077026238
13.690952762209768 -0.504270171758 -0.672693756985 -0.122096371104 1.25685179822
13.77101681345076 -0.554952046258 -0.589478269624 -0.0239755679983 1.19061525162
13.851080864691754 -0.598071980835 -0.484166769108 0.0680046281771 1.10378941723
13.931144915932746 -0.631957084106 -0.359250682001 0.152281536139 0.998596260065
14.011208967173738 -0.655154059464 -0.217711201038 0.227488431408 0.877697304417
14.091273018414732 -0.666465458394 -0.0629458693833 0.292487089612 0.744127901211
14.171337069655724 -0.664979801654 0.101314378159 0.346394839252 0.601222948654
14.251401120896718 -0.650094633952 0.271096527587 0.388605287215 0.452535131095
14.33146517213771 -0.621532067645 0.442282680077 0.418802318886 0.301747889535
14.411529223378704 -0.579346353986 0.610710825331 0.436966959532 0.15258518599
14.491593274619696 -0.523923346559 0.772276708458 0.443376975644 0.00872028738541
14.571657325860688 -0.455971808693 0.923034277144 0.438599172974 -0.12631418046
14.651721377101682 -0.376506875688 1.0592922751 0.423474669491 -0.249212729169
14.731785428342674 -0.286825979588 1.17770462413 0.399097418766 -0.35697794322
14.811849479583667 -0.188477855032 1.27535236627 0.366786537544 -0.446993858792
14.89191353082466 -0.0832253527371 1.34981514756 0.328053088082 -0.517089978622
14.971977582065653 0.0269965479857 1.39923015297 0.284562560321 -0.565594050838
15.052041633306645 0.14012808141 1.42233876357 0.238092560791 -0.591373854549
15.132105684547637 0.254033663136 1.41851625175 0.190489042489 -0.59386379757
15.212169735788631 0.366553754834 1.38778784426 0.143619942292 -0.573079308036
15.292233787029623 0.475556846111 1.33082780636 0.0993287117714 -0.529616022906
15.372297838270617 0.578990920107 1.24894352766 0.0593883098833 -0.464635547075
15.452361889511609 0.674932965713 1.14404326357 0.0254569439601 -0.379836577501
15.532425940752603 0.761635376103 1.01858976529 -0.000963401944043 -0.277413392022
15.612489991993595 0.837567792766 0.875539413657 -0.0185643613517 -0.160001358406
15.692554043234587 0.901454049236 0.718270824162 -0.0262641925377 -0.0306130159873
15.77261809447558 0.952302648767 0.55050193972 -0.0232349967782 0.107436150374
15.852682145716573 0.989430330938 0.376199176607 -0.0089237491443 0.250609051544
15.932746196957567 1.01247814989 0.199480515338 0.0169333750086 0.395233756447
16.01281024819856 1.021419581 0.0245148487332 0.0543038104295 0.537593604938
16.09287429943955 1.01656049472 -0.144579902301 0.10285869364 0.674018423124
16.172938350680546 0.998531045836 -0.303837375284 0.161980192472 0.800974575591
16.253002401921538 0.968269658974 -0.449539664964 0.230775911628 0.915151714374
16.33306645316253 0.926999421251 -0.578308139472 0.30810009562 1.01354408006
16.413130504403522 0.876197559752 -0.687185889057 0.392581022264 1.0935243091
16.493194555644514 0.817558686458 -0.773709900409 0.482653975335 1.15290803964
16.57325860688551 0.752952845358 -0.835971191209 0.576598869785 1.19000773519
16.653322658126502 0.684379140817 -0.872661236653 0.6725818317 1.20367423204
16.733386709367494 0.613916280748 -0.883103720536 0.768699538872 1.19332514441
16.813450760608486 0.543671217331 -0.867270584526 0.863025262709 1.15895920806
16.893514811849478 0.475727158381 -0.825783627709 0.95365547165 1.10115768383
16.973578863090474 0.41209192044 -0.759897121786 1.03875612576 1.02106876017
17.053642914331466 0.354648563046 -0.671467791781 1.11660692664 0.920380641216
17.133706965572458 0.305108886049 -0.562909185576 1.1856430009 0.801280654684
17.21377101681345 0.264971036826 -0.437132136465 1.24449290084 0.6664019057
17.293835068054445 0.235482639724 -0.297473367143 1.29201165747 0.518759310964
17.373899119295437 0.217609770326 -0.147613108034 1.327308597 0.361675794959
17.45396317053643 0.212013111382 0.00851508247739 1.34976872379 0.198701502616
17.53402722177742 0.219031470084 0.166820995985 1.35906750855 0.033527192548
17.614091273018413 0.238673263563 0.323158124177 1.35517853855 -0.130105658472
17.69415532425941 0.270616054673 0.473425673661 1.33837395613 -0.288496242137
17.7742193755004 0.31421427663 0.613669199148 1.30921756159 -0.438074568302
17.854283426741393 0.368514873214 0.740177766924 1.26855082496 -0.57548850792
17.934347477982385 0.432280488378 0.849575145482 1.21747213471 -0.69768548765
18.014411529223377 0.50401962275 0.938902724284 1.15730980485 -0.801986777369
18.094475580464373 0.582023124987 1.00569249088 1.08958940646 -0.886152875304
18.174539631705365 0.664405995236 1.04802784775 1.01599633954 -0.948438003957
18.254603682946357 0.749153405139 1.064590201 0.938334626092 -0.987631865122
18.33466773418735 0.834170052753 1.05469238754 0.858482714061 -1.003089609
18.414731785428344 0.917331507119 1.01829543209 0.778347496655 -0.994746875549
18.494795836669336 0.996536274434 0.95600980403 0.699817682674 -0.963120955575
18.57485988791033 1.06975731999 0.869081226131 0.624717651317 -0.90929811839
18.65492393915132 1.13509180699 0.759360117691 0.554762900887 -0.834906284123
18.734987990392312 1.19080781632 0.629256679832 0.491518198203 -0.742074838747
18.815052041633308 1.23538686057 0.481682362499 0.436359491287 -0.633382253932
18.8951160928743 1.26756132804 0.319978809791 0.390440359459 -0.511792493728
18.975180144115292 1.28634567973 0.147836387806 0.354664054672 -0.380582092268
19.055244195356284 1.29106079318 -0.0307957533026 0.32966167696 -0.243259650171
19.135308246597276 1.28135092904 -0.211806175594 0.31577695344 -0.103479457694
19.21537229783827 1.25719267821 -0.39102137614 0.31305819582 0.0350482195911
19.295436349079264 1.21889583782 -0.564307697615 0.321257482842 0.168648366993
19.375500400320256 1.16709620865 -0.727672262881 0.339837074329 0.293771573414
19.455564451561248 1.1027404003 -0.877360319807 0.367982979602 0.407081170063
19.535628502802243 1.02706300877 -1.00994696637 0.404625353653 0.505535337425
19.615692554043235 0.941556786258 -1.12242071078 0.448465166304 0.586461901265
19.695756605284227 0.847936605392 -1.21225680084 0.498006425828 0.647623967919
19.77582065652522 0.748097886568 -1.27747889748 0.551593358445 0.687275122653
19.85588470776621 0.644070648574 -1.3167070726 0.607451504766 0.704202382501
19.935948759007207 0.537970398125 -1.32919145526 0.663731644699 0.697756298258
20.0160128102482 0.43194677896 -1.3148302401 0.718555726449 0.667867053976
20.09607686148919 0.328131518095 -1.2741719606 0.770063422808 0.615046476715
20.176140912730183 0.228586788819 -1.20840182421 0.816458312208 0.540375775005
20.256204963971175 0.135255303022 -1.11931245863 0.856052509236 0.445479318589
20.33626901521217 0.0499133585522 -1.00925980494 0.887308647094 0.332485118458
20.416333066453163 -0.0258720337902 -0.881105229043 0.908878204997 0.203972966636
20.496397117694155 -0.0907808825133 -0.738145267285 0.91963523041 0.0629115035531
20.576461168935147 -0.143771883649 -0.584030728288 0.918704629388 -0.0874142448346
20.656525220176142 -0.184107250745 -0.422677132993 0.905484331852 -0.243483085355
20.736589271417134 -0.211370114981 -0.258168624537 0.879660802068 -0.401623722502
20.816653322658127 -0.225473986331 -0.0946579624755 0.841217438547 -0.558104328622
20.89671737389912 -0.226664226613 0.0637354175573 0.790435819427 -0.70922384536
20.97678142514011 -0.215511303687 0.213026371243 0.727889586815 -0.85140241273
21.056845476381106 -0.192896108148 0.349461743522 0.654431222104 -0.981268869309
21.136909527622098 -0.159987639591 0.469612362252 0.571171987367 -1.0957431432
21.21697357886309 -0.118213646419 0.57045709988 0.479455555811 -1.19211153888
21.297037630104082 -0.0692249163454 0.649456933983 0.380825955722 -1.26809306707
21.377101681345078 -0.0148541032311 0.704617194275 0.276990621033 -1.32189519455
21.45716573258607 0.0429299058027 0.73453647474 0.169779447631 -1.35225765175
21.537229783827062 0.102070966236 0.738440997358 0.0611008555375 -1.35848321121
21.617293835068054 0.160476792727 0.716203611093 -0.0471040663534 -1.34045470608
21.697357886309046 0.216070972109 0.668346943493 -0.152908218631 -1.29863785627
21.77742193755004 0.266844572017 0.596030625207 -0.254444787891 -1.23406983106
21.857485988791034 0.310906107442 0.501022916977 -0.349952072984 -1.14833384312
21.937550040032026 0.346528634878 0.385657422259 -0.437815739158 -1.04352038585
22.017614091273018 0.372192818155 0.252775947171 -0.516607464884 -0.922176064572
22.09767814251401 0.386624906471 0.105658909071 -0.585119032552 -0.787241276587
22.177742193755005 0.388828708878 -0.0520550234061 -0.642391042861 -0.641978246985
22.257806244995997 0.378110751857 -0.216458053059 -0.687735524483 -0.489891216312
22.33787029623699 0.354098025963 -0.38346893943 -0.720751906968 -0.334640750354
22.41793434747798 0.316747903031 -0.548933038468 -0.741335982004 -0.17995414945
22.497998398718977 0.266349938189 -0.708724074174 -0.749681597071 -0.0295343056379
22.57806244995997 0.203519535115 -0.858845255394 -0.746275062073 0.113030855
22.65812650120096 0.129183628265 -0.995527229524 -0.73188240651 0.244356098699
22.738190552441953 0.0445587348922 -1.11532045995 -0.707529803035 0.361341618119
22.818254603682945 -0.048878114882 -1.21517979334 -0.674477612451 0.461248773796
22.89831865492394 -0.149424746112 -1.29253926173 -0.634188787787 0.541767092155
22.978382706164933 -0.255194925305 -1.34537490173 -0.588292156591 0.60107053428
23.058446757405925 -0.36416377021 -1.37225448855 -0.538541830349 0.637862048256
23.138510808646917 -0.474216630032 -1.37237284012 -0.486773504855 0.651405200872
23.21857485988791 -0.583200200626 -1.34557166599 -0.434858757717 0.641541970582
23.298638911128904 -0.688974587619 -1.29234362703 -0.384658495496 0.60869640264
23.378702962369896 -0.78946504206 -1.21382048782 -0.337976692471 0.553864020505
23.45876701361089 -0.882712197712 -1.11174561142 -0.296515469443 0.478587217186
23.53883106485188 -0.966919352505 -0.988431470016 -0.261832817663 0.384917229618
23.618895116092876 -1.04049591706 -0.846703278313 -0.235303753211 0.275363687097
23.698959167333868 -1.10209573907 -0.689830047004 -0.21808605801 0.152832895631
23.77902321857486 -1.15064954127 -0.521444822125 -0.211091290023 0.0205564393201
23.859087269815852 -1.18539056832 -0.345455942189 -0.21496187261 -0.117988260803
23.939151321056844 -1.20587283181 -0.165951645738 -0.230054810029 -0.259163341665
24.01921537229784 -1.21198153088 0.0128996694627 -0.256432407314 -0.399259786136
24.09927942353883 -1.20393543046 0.18695136875 -0.293860189636 -0.534588663747
24.179343474779824 -1.18228103937 0.352179739438 -0.341812162417 -0.661571687034
24.259407526020816 -1.14787880355 0.504782224155 -0.39948321938 -0.776829147434
24.339471577261808 -1.10188164958 0.641270227473 -0.465808398302 -0.877262991018
24.419535628502803 -1.04570640245 0.75855413852 -0.539488515233 -0.960132923167
24.499599679743795 -0.980998677349 0.854018927373 -0.619021640089 -1.02312407169
24.579663730984787 -0.909592330915 0.925587556152 -0.702739441572 -1.0644037377
24.65972778222578 -0.833464236507 0.971771665304 -0.788847716667 -1.08266675119
24.739791833466775 -0.75468560871 0.991707678544 -0.87547000761 -1.07716776879
24.819855884707767 -0.675371034553 0.985177571389 -0.960693269738 -1.04773983778
24.89991993594876 -0.597626496614 0.95261392831 -1.04261443937 -0.994798890309
24.97998398718975 -0.523497628937 0.895088984509 -1.11938679042 -0.919333896019
25.060048038430743 -0.45491943288 0.814288081296 -1.18926498093 -0.822883056914
25.14011208967174 -0.393668730414 0.712468025539 -1.25064764547 -0.707496483951
25.22017614091273 -0.34132069379 0.592401565133 -1.30211633432 -0.575686440568
25.300240192153723 -0.29920999063 0.457309124235 -1.34247031692 -0.430366177409
25.380304243394715 -0.268398179983 0.310779619892 -1.37075578476 -0.274778989548
25.460368294635707 -0.249647615244 0.156682277106 -1.38628922473 -0.112419212895
25.540432345876702 -0.243402815479 -0.000928464933514 -1.38867410167 0.0530529661543
25.620496397117694 -0.249779562882 -0.157912606537 -1.3778106196 0.217900784377
25.700560448358686 -0.26856216825 -0.310146055809 -1.35389816573 0.378401800277
25.78062449959968 -0.299208756089 -0.453622221396 -1.31743057014 0.530938903999
25.860688550840674 -0.340864671683 -0.584550283197 -1.26918408965 0.672088352279
25.940752602081666 -0.39238352014 -0.699448373408 -1.21019855453 0.798703245524
26.020816653322658 -0.452355370955 -0.79522912693 -1.14175209579 0.907990171589
26.10088070456365 -0.519141456644 -0.869275610684 -1.06533005442 0.997577233783
26.180944755804642 -0.590914607039 -0.919506034806 -0.982588751586 1.06557203298
26.261008807045638 -0.665704073596 -0.94442433969 -0.89531532505 1.11060700145
26.34107285828663 -0.741444074127 -0.943157778934 -0.805384231163 1.13187309143
26.421136909527622 -0.816024647179 -0.915478234254 -0.714711676013 1.12913889553
26.501200960768614 -0.887343652539 -0.861808206518 -0.625209017563 1.10275604446
26.58126501200961 -0.953358544869 -0.783211036421 -0.538736368334 1.05365048218
26.6613290632506 -1.01213675882 -0.681364920562 -0.457057438918 0.983299229611
26.741393114491594 -1.06190339705 -0.558522083152 -0.381796794183 0.893693854931
26.821457165732586 -1.10108506183 -0.417454098303 -0.314400560277 0.78729154135
26.901521216973578 -1.12834885115 -0.261384236558 -0.256101459413 0.666954534679
26.981585268214573 -1.14263541843 -0.0939087844382 -0.207889158086 0.535879715777
27.061649319455565 -1.14318536236 0.0810906332114 -0.170486585842 0.397520115423
27.141713370696557 -1.1295583724 0.259541850264 -0.144332738839 0.255500053164
27.22177742193755 -1.10164448325 0.437281636398 -0.1295725476 0.113526084468
27.30184147317854 -1.0596672768 0.610157336898 -0.126053953403 -0.0247039896329
27.381905524419537 -1.00417904478 0.774128291306 -0.13333218174 -0.155591915723
27.46196957566053 -0.936047792398 0.925364551253 -0.150681319975 -0.275727363552
27.54203362690152 -0.856436560826 1.060340403 -0.177112771453 -0.381971650237
27.622097678142513 -0.766775613194 1.17592047019 -0.211400098312 -0.47153482112
27.70216172938351 -0.668728038417 1.26943629171 -0.252109756781 -0.542044202318
27.7822257806245 -0.564149646543 1.3387514393 -0.297636942611 -0.591602691775
27.862289831865493 -0.455044197729 1.38231355288 -0.346245613555 -0.618835336453
27.942353883106485 -0.34351510218 1.39919238516 -0.39611167053 -0.622923382218
28.022417934347477 -0.231714509586 1.38910221944 -0.445368474988 -0.603624331198
28.102481985588472 -0.12179136305 1.35240878426 -0.492153292241 -0.561278117615
28.182546036829464 -0.0158395054516 1.290120144 -0.534653686575 -0.496798935345
28.262610088070456 0.0841528750127 1.20386189184 -0.571152715989 -0.411653009868
28.34267413931145 0.176351186132 1.09583722004 -0.600071785852 -0.307822829193
28.42273819055244 0.25911860065 0.968772867326 -0.620010123519 -0.187758729203
28.502802241793436 0.33105536899 0.825852268938 -0.629779903406 -0.0543190204471
28.582866293034428 0.391032329482 0.670637531112 -0.628436175252 0.089299891385
28.66293034427542 0.43821779134 0.506982148237 -0.615300857116 0.239641673537
28.742994395516412 0.47209712505 0.33893659053 -0.589980197426 0.393074617348
28.823058446757408 0.492484592121 0.170649019988 -0.552375287014 0.545880550715
28.9031224979984 0.499527071027 0.00626394159801 -0.502685313982 0.694345598269
28.98318654923939 0.493699750528 -0.150179601643 -0.441403625194 0.834851348817
29.063250600480384 0.475793656423 -0.294846741551 -0.369306474577 0.963963252573
29.143314651721376 0.446895528801 -0.424200756388 -0.287434921347 1.07851477151
29.22337870296237 0.408360415934 -0.535089617015 -0.197070206135 1.17568487911
29.303442754203363 0.361777722243 -0.624823151083 -0.0997032654635 1.25306715744
29.383506805444355 0.308931511245 -0.691238868248 0.00300089813246 1.30872873929
29.463570856685347 0.251756048744 -0.732754862557 0.109243107945 1.34125767677
29.54363490792634 0.192287677046 -0.748408485118 0.217133190036 1.34979756641
29.623698959167335 0.132614159058 -0.737879870467 0.324735415347 1.33406860968
29.703763010408327 0.0748228648136 -0.701499622411 0.430114977798 1.29437448748
29.78382706164932 0.0209488590196 -0.640240705789 0.531384560336 1.23159509017
29.86389111289031 -0.0270756616977 -0.55569449391 0.626749691557 1.14716505803
29.943955164131307 -0.0674694199584 -0.450031715921 0.714551852375 1.04303879881
30.0240192153723 -0.098646392009 -0.325949167864 0.793308253396 0.921642755749
30.10408326661329 -0.119255363622 -0.186603570622 0.861747332194 0.78581616467
30.184147317854283 -0.12821372074 -0.0355341324983 0.918839086751 0.638741695266
30.264211369095275 -0.12473465772 0.1234242417 0.963819513233 0.48386771532
30.34427542033627 -0.108347126425 0.286235003367 0.996208541995 0.324824051064
30.424339471577262 -0.0789080411944 0.448758958405 1.01582103745 0.165333317766
30.504403522818254 -0.0366064443345 0.606855809946 1.02277059725 0.00911997078875
30.584467574059246 0.0180404847648 0.756485731992 1.01746604594 -0.140180672071
30.66453162530024 0.0841994596398 0.893808373397 1.00060072812 -0.279111108173
30.744595676541234 0.160740874711 1.01527721594 0.973134852734 -0.404476168289
30.824659727782226 0.24626586859 1.11772655993 0.936271320557 -0.513420933902
30.904723779023218 0.339139994304 1.19844927125 0.89142563346 -0.603500382521
30.98478783026421 0.437532673015 1.25526328311 0.840190622648 -0.672738963869
31.064851881505206 0.539461510391 1.28656523104 0.784296820438 -0.71967865513
31.144915932746198 0.642840234363 1.29137011725 0.725569587067 -0.743414506502
31.22497998398719 0.745529323516 1.26933561564 0.665883825862 -0.7436164336
31.305044035228182 0.845387928734 1.22077065767 0.607117538078 -0.720536934442
31.385108086469174 0.940325821358 1.14662819189 0.551105351695 -0.675004635032
31.46517213771017 1.02835408701 1.04848192418 0.499593171043 -0.608403490593
31.54523618895116 1.10763360636 0.92848957723 0.454194806018 -0.522639915737
31.625300240192153 1.17651948809 0.789336946096 0.416352222765 -0.420092718702
31.705364291433145 1.2336009669 0.634175873027 0.387299853897 -0.303557590678
31.78542834267414 1.27773572943 0.466545771947 0.368033895072 -0.176176864971
31.865492393915133 1.30807752243 0.290287747617 0.359287614816 -0.0413626452761
31.945556445156125 1.32409658066 0.109450851067 0.361513091419 0.097287107387
32.02562049639712 1.32559240023 -0.0718071878878 0.374869801752 0.236077432974
32.10568454763811 1.31269825148 -0.249320599004 0.399220604316 0.371306457919
32.1857485988791 1.2858779272 -0.419018028449 0.434134672779 0.499357108693
32.2658126501201 1.24591404578 -0.57702139634 0.478897989004 0.616785601972
32.34587670136109 1.19388883164 -0.719740727989 0.532530569796 0.720406329061
32.42594075260208 1.13115743937 -0.843961602332 0.5938103678 0.807370128943
32.506004803843076 1.0593147037 -0.94692355746 0.661303056552 0.875234463403
32.586068855084065 0.980156007944 -1.02638732106 0.733397079525 0.922023584949
32.66613290632506 0.895633313832 -1.08068925233 0.808343029167 0.946277252782
32.746196957566056 0.807807332032 -1.10878180026 0.884296479037 0.947086926607
32.826261008807045 0.718797080734 -1.1102586038 0.95936315198 0.924118207621
32.90632506004804 0.630728106533 -1.08536485107 1.03164528348 0.877620079224
32.98638911128903 0.545680337908 -1.03498969312 1.0992883108 0.808418078084
33.066453162530024 0.465637454882 -0.960645025466 1.16052620199 0.717895257893
33.14651721377102 0.392438339146 -0.864427907542 1.21372491877 0.607958501375
33.22658126501201 0.327732247466 -0.748968942097 1.25742254259 0.480992259942
33.306645316253004 0.272938570165 -0.617367451357 1.29036529193 0.339800470331
33.38670936749399 0.229212320526 -0.473115345287 1.31153840504 0.187538345551
33.46677341873499 0.197416023322 -0.320011209796 1.32019128947 0.0276354083161
33.54683746997598 0.178098847553 -0.162066899359 1.31585618197 -0.13628818729
33.62690152121697 0.171483609847 -0.00340945278594 1.29835975758 -0.300509521747
33.70696557245797 0.177461368034 0.151820815711 1.26782793926 -0.461294200545
33.787029623698956 0.195594608614 0.299571640878 1.22468300918 -0.614987120628
33.86709367493995 0.225128200425 0.435978471978 1.16963376303 -0.758101750886
33.94715772618095 0.265008323805 0.557459319309 1.10365851984 -0.88740509672
34.027221777421936 0.313908636038 0.66080278108 1.02798164936 -0.999996557129
34.10728582866293 0.370263190649 0.743246928221 0.944044049091 -1.0933785946
34.18734987990392 0.432305187658 0.802547176238 0.853468397434 -1.16551754241
34.267413931144915 0.498110722054 0.837031575498 0.758019928664 -1.21489314474
34.34747798238591 0.565646403793 0.845641706055 0.659563738757 -1.24053520501
34.4275420336269 0.632819454023 0.827959987146 0.5600198718 -1.24204806824
34.507606084867895 0.697529887351 0.78421843943 0.461316535805 -1.21961849369
34.58767013610889 0.757722106898 0.715294333971 0.365343842749 -1.17401178407
34.66773418734988 0.81143593914 0.622688655309 0.273908048058 -1.10655252423
34.747798238590875 0.856855187342 0.508489713897 0.188688010242 -1.01909202044
34.82786228983186 0.892352674579 0.375322218488 0.111194792167 -0.913962718428
34.90792634107286 0.916530786124 0.226283077037 0.0427352907926 -0.793920736044
34.987990392313854 0.928256249354 0.0648658769417 -0.015618974599 -0.662078257534
35.06805444355484 0.926688600322 -0.105124538928 -0.0630574223313 -0.521827057751
35.14811849479584 0.911301312686 -0.279664825588 -0.0990493990673 -0.376755461985
35.22818254603683 0.881895525765 -0.454611723943 -0.123356544684 -0.230560079921
35.30824659727782 0.838605499596 -0.625803186837 -0.136037750177 -0.0869552657215
35.38831064851882 0.781896097705 -0.789160200175 -0.13744697783 0.050418045419
35.468374699759806 0.712552095864 -0.940786479145 -0.128223762886 0.178081599054
35.5484387510008 0.631659712602 -1.0770637369 -0.109276751065 0.292805119638
35.62850280224179 0.540580746683 -1.19474019168 -0.0817606167456 0.391685554996
35.708566853482786 0.44091999685 -1.29100998622 -0.0470469664701 0.472218184136
35.78863090472378 0.334486729702 -1.36358185595 -0.00668991347074 0.532358098681
35.86869495596477 0.223251143285 -1.41073513452 0.03761282832 0.570570346459
35.948759007205766 0.109296905347 -1.43136182333 0.0840623647098 0.585867596765
36.028823058446754 -0.00522908651866 -1.42499363838 0.130803528903 0.577834354415
36.10888710968775 -0.118168484194 -1.39181344142 0.175971167301 0.546637191482
36.188951160928745 -0.227403550266 -1.33265072184 0.21773667742 0.493020697959
36.269015212169734 -0.330908218905 -1.24896128212 0.254353649793 0.41828928832
36.34907926341073 -0.426796911697 -1.1427915758 0.284201499347 0.324275265961
36.42914331465172 -0.513369896562 -1.01672856821 0.305826001163 0.213293924752
36.50920736589271 -0.589154162389 -0.87383654532 0.31797581072 0.0880869641676
36.58927141713371 -0.652938685045 -0.717582044707 0.319633961895 -0.0482447307408
36.6693354683747 -0.703803318944 -0.55174901729 0.310043657063 -0.192317056318
36.74939951961569 -0.741140421733 -0.380346131349 0.288727550211 -0.340545692435
36.82946357085669 -0.764669089042 -0.207508868243 0.25550041298 -0.489233767362
36.90952762209768 -0.774441208773 -0.0373982912328 0.210474475842 -0.634662500573
36.98959167333867 -0.770839431742 0.125900725033 0.154057531187 -0.773182327299
37.06965572457966 -0.754567150226 0.278479451269 0.0869438804123 -0.901302397716
37.14971977582066 -0.726630382497 0.416700874964 0.0100980338487 -1.01577614793
37.22978382706165 -0.688312545793 0.537288726982 -0.0752679566538 -1.11368100905
37.30984787830264 -0.641142061878 0.637407274704 -0.167723582316 -1.19248984672
37.389911929543636 -0.586854576662 0.714730699917 -0.265653783762 -1.25013307293
37.469975980784625 -0.527349445197 0.767500230548 -0.36729799196 -1.28504979031
37.55004003202562 -0.464642751598 0.794566623494 -0.470792269845 -1.29622581778
37.630104083266616 -0.400817190351 0.795418094761 -0.574214263751 -1.28321868326
37.710168134507605 -0.337970474513 0.770193278836 -0.675629472345 -1.24616920945
37.7902321857486 -0.27816322906 0.719677218398 -0.773137974933 -1.18579790241
37.87029623698959 -0.223367898298 0.645281434865 -0.86492025003 -1.10338708392
37.950360288230584 -0.175419987823 0.549009848698 -0.949280901785 -1.00075035163
38.03042433947158 -0.135972396584 0.433409345095 -1.02468961738 -0.88018828841
38.11048839071257 -0.106454485922 0.301507270667 -1.08981788062 -0.74443246779
38.190552441953564 -0.0880364112428 0.156736846328 -1.14357097109 -0.596578637636
38.27061649319455 -0.0816000028529 0.00285301645072 -1.18511409648 -0.440011338865
38.35068054443555 -0.0877166215267 -0.156159777309 -1.21389227722 -0.278321292004
38.43074459567654 -0.106632674999 -0.316185400591 -1.22964336863 -0.11521778758
38.51080864691753 -0.138263117202 -0.473077062526 -1.2324039325 0.0455618180995
38.59087269815853 -0.182193058146 -0.622759262095 -1.22250784341 0.200343422964
38.67093674939952 -0.237687520756 -0.761327385903 -1.20057759731 0.345605396771
38.75100080064051 -0.303708960821 -0.885144150748 -1.16750866593 0.478064973965
38.83106485188151 -0.378942327831 -0.990928621968 -1.12444709601 0.594757998913
38.911128903122496 -0.461826873845 -1.07583695435 -1.07276106334 0.693111259465
38.99119295436349 -0.55059403091 -1.13753229128 -1.01400698991 0.771005112483
39.07125700560449 -0.64331034141 -1.17424223319 -0.949891133724 0.826824978453
39.151321056845475 -0.73792465258 -1.18480276548 -0.882227357445 0.859500711281
39.23138510808647 -0.832317964823 -1.16868691823 -0.812892517951 0.8685322962
39.31144915932746 -0.924355034607 -1.12601777528 -0.743780281995 0.854001533156
39.391513210568455 -1.01193644626 -1.05756610875 -0.676754519226 0.81656995303
39.47157726180945 -1.09304988082 -0.964731767247 -0.613603411478 0.757462185871
39.55164131305044 -1.16581916936 -0.849509600112 -0.555995543195 0.678435481749
39.631705364291435 -1.22855016646 -0.71444124966 -0.505438836575 0.58173657689
39.71176941553242 -1.27977205436 -0.562552994715 -0.46324357557 0.470046069239
39.79183346677342 -1.3182732996 -0.39728208272 -0.430490215721 0.346412485882
39.871897518014414 -1.34313122572 -0.222392947499 -0.408002907726 0.214177293403
39.9519615692554 -1.35373462996 -0.0418853237386 -0.396329247169 0.076892651948
40.0320256204964 -1.34979871544 0.140103250645 -0.395726902735 -0.0617658562124
40.11208967173739 -1.33137212553 0.319398379583 -0.406157313865 -0.198089585282
40.19215372297838 -1.29883577502 0.491890799754 -0.42728673136 -0.328428121106
40.27221777421938 -1.25289363959 0.653636530483 -0.458494456328 -0.449278927885
40.352281825460366 -1.19455561605 0.800953156968 -0.498888176749 -0.557373532507
40.43234587670136 -1.12511293345 0.930509584916 -0.547325971777 -0.649757862859
40.51240992794235 -1.04610671356 1.03940729986 -0.602444447819 -0.72386497899
40.592473979183346 -0.959290433598 1.12525097113 -0.662692332276 -0.777578262901
40.67253803042434 -0.866587217771 1.18620678766 -0.726368695161 -0.809283622775
40.75260208166533 -0.770042998347 1.22104702134 -0.791664866797 -0.817909364592
40.832666132906326 -0.671776691229 1.22917977004 -0.856709026221 -0.802952792854
40.91273018414732 -0.57392861791 1.21066312223 -0.919612357271 -0.764492861625
40.99279423538831 -0.478608468738 1.16620341047 -0.978515612786 -0.703188577915
41.072858286629305 -0.387843935812 1.09713765405 -1.03163507657 -0.620263247334
41.152922337870294 -0.303531478526 1.00540049382 -1.07730661305 -0.517474833345
41.23298638911129 -0.227390277276 0.893476543596 -1.11402685954 -0.397073257936
41.313050440352285 -0.160920565909 0.764339268129 -1.14049049493 -0.261745637835
41.39311449159327 -0.105367345002 0.621377912477 -1.15562268757 -0.114550821543
41.47317854283427 -0.0616903568493 0.468314235708 -1.15860593358 0.0411552028462
41.55324259407526 -0.0305410793404 0.309111128583 -1.1489006076 0.201801166844
41.63330664531625 -0.0122472846913 0.147875341574 -1.12625873713 0.363687654059
41.71337069655725 -0.0068055389713 -0.0112433159052 -1.0907306639 0.523077391817
41.79343474779824 -0.01388183392 -0.164153815032 -1.04266442083 0.676286472139
41.87349879903923 -0.0328203280139 -0.306924302808 -0.982697845317 0.819774278482
41.95356285028022 -0.0626599951103 -0.435878602093 -0.911743609484 0.950229923504
42.03362690152122 -0.102158752981 -0.547686410651 -0.830967550443 1.06465304347
42.11369095276221 -0.149824471845 -0.639445012141 -0.741760837888 1.16042699081
42.1937550040032 -0.203952157361 -0.708750611994 -0.645706610833 1.23538273497
42.273819055244196 -0.262666348877 -0.753757331886 -0.544541942572 1.28785171076
42.353883106485185 -0.323967687283 -0.773222620675 -0.44011607027 1.31670650188
42.43394715772618 -0.385782555494 -0.766537820494 -0.334345871614 1.32138823005
42.514011208967176 -0.446014538479 -0.733743210068 -0.229169710698 1.30192004285
42.594075260208164 -0.502596428908 -0.675526979782 -0.12650079402 1.25890621148
42.67413931144916 -0.553541577947 -0.593209156469 -0.0281811117305 1.19351775032
42.754203362690156 -0.596993283347 -0.488708783137 0.0640628647702 1.10746304033
42.834267413931144 -0.631270955024 -0.364497281697 0.148661600486 1.00294607857
42.91433146517214 -0.654912017821 -0.223537990464 0.224240098174 0.88261234622
42.99439551641313 -0.666708475577 -0.069213772411 0.289650719826 0.749483993068
43.074459567654124 -0.665737354922 0.0947556626429 0.344000528299 0.606885809816
43.15452361889512 -0.651383712223 0.26440515686 0.386671970077 0.458363389612
43.23458767013611 -0.623356819004 0.43562059708 0.417337449972 0.307596727017
43.3146517213771 -0.581697904844 0.604239788334 0.435966346209 0.158309892717
43.39471577261809 -0.52678002422 0.766154311658 0.442824972996 0.0141798256243
43.47477982385909 -0.459299638397 0.917410112532 0.438469124332 -0.121253739592
43.55484387510008 -0.380260352129 1.05430427548 0.423729592755 -0.244674930981
43.63490792634107 -0.2909491386 1.17347568695 0.399690961508 -0.353072926121
43.71497197758207 -0.192905637421 1.27198743522 0.367664193748 -0.443815740808
43.795036028823056 -0.0878851484693 1.34739846734 0.329153576257 -0.514714398937
43.87510008006405 0.0221834489695 1.39782354807 0.285819118703 -0.56407662823
43.95516413130505 0.135244053118 1.42197942566 0.239435123251 -0.590748205721
44.035228182546035 0.249163283976 1.41921657029 0.191845542091 -0.5941413851
44.11529223378703 0.361781513659 1.38953471899 0.144918360491 -0.574248824257
44.19535628502802 0.470965169523 1.33358302101 0.100498840629 -0.531643724082
44.275420336269015 0.574658202712 1.2526447463 0.0603635115762 -0.467466144979
44.35548438751001 0.670931691856 1.14860547104 0.0261758284137 -0.383394528706
44.435548438751 0.758030376292 1.02390735376 -0.000555419984078 -0.281604765624
44.515612489991994 0.834414710397 0.881488799486 -0.0185136934961 -0.1647161786
44.59567654123298 0.89879801004 0.724713439872 -0.0266078894116 -0.0357279405059
44.67574059247398 0.950177197251 0.557287624855 -0.0239997996913 0.102054794732
44.755804643714974 0.987856665157 0.383169851502 -0.0101254088368 0.245101980082
44.83586869495596 1.01146459613 0.206474011931 0.0152905648498 0.389745297169
44.91593274619696 1.02096143999 0.0313688924656 0.0522271470811 0.532268133916
44.995996797437954 1.01664018893 -0.13802370322 0.100366929664 0.668996793323
45.07606084867894 0.999118693728 -0.297729700069 0.159103017877 0.796390688561
45.15612489991994 0.969323677879 -0.444019809239 0.227553410418 0.911129234149
45.236188951160926 0.928467645393 -0.573500596095 0.304581741191 1.01019337267
45.31625300240192 0.878018561074 -0.683197354281 0.388824491293 1.09093976298
45.39631705364292 0.81966332533 -0.770626689265 0.478723755925 1.15116575259
45.476381104883906 0.755265936441 -0.833857050706 0.572564766574 1.18916355756
45.5564451561249 0.686821323968 -0.871555767585 0.668517287503 1.20376235497
45.63650920736589 0.616406032253 -0.88302152249 0.764679830799 1.19435733577
45.716573258606886 0.546126859782 -0.868201125353 0.859125699635 1.16092469715
45.79663730984788 0.478068835088 -0.827690474267 0.949949623384 1.1040224741
45.87670136108887 0.414243741181 -0.762719902067 1.03531389925 1.02477738797
45.956765412329865 0.356540360453 -0.675124295784 1.11349299086 0.924858058817
46.036829463570854 0.30667789223 -0.567295958436 1.18291528306 0.80643276307
46.11689351481185 0.266163591464 -0.442127682857 1.24220105478 0.672118425844
46.196957566052845 0.236255359608 -0.302940863284 1.29019601446 0.524916214176
46.27702161729383 0.217930765089 -0.153404137654 1.32599907529 0.368138650192
46.35708566853483 0.211862700187 0.00255706697818 1.34898418516 0.205328577714
46.43714971977582 0.218402708918 0.16085678999 1.35881528463 0.0401729337611
46.51721377101681 0.23757211774 0.317348835415 1.35545427499 -0.12358710049
46.59727782225781 0.2690612688 0.467928750124 1.33916172787 -0.282247453489
46.6773418734988 0.312236923317 0.608634557024 1.31049027592 -0.43223140256
46.75740592473979 0.366157604673 0.735744100348 1.27027089082 -0.570176779629
46.83746997598078 0.429596495179 0.845866514201 1.21959239437 -0.693017914696
46.91753402722178 0.50107138006 0.936025589246 1.15977465606 -0.798060324439
46.99759807846277 0.578880815273 1.00373290969 1.09233621446 -0.883046240485
47.07766212970376 0.661145752091 1.04704916368 1.01895700943 -0.946209547336
47.157726180944756 0.745855516169 1.0646318006 0.941437211986 -0.986318494244
47.23779023218575 0.830916839136 1.05576907469 0.86165331808 -1.00270621636
47.31785428342674 0.914205586116 1.02039647116 0.781511824888 -0.995285479789
47.397918334667736 0.993618395888 0.959099411868 0.702902982959 -0.964551140088
47.477982385908724 1.06712439255 0.873099211946 0.627654481282 -0.911567602318
47.55804643714972 1.13281498609 0.764223461829 0.557486840835 -0.837942334181
47.638110488390716 1.18895074036 0.634861642849 0.493971431389 -0.745786155903
47.718174539631704 1.2340041456 0.487906894174 0.438492152931 -0.637661128692
47.7982385908727 1.26669722206 0.326685441462 0.392211742946 -0.516517394255
47.87830264211369 1.28603283845 0.154875802454 0.356043709134 -0.385620859413
47.958366693354684 1.29131961454 -0.0235812776718 0.330630004687 -0.248472579078
48.03843074459568 1.28218894931 -0.204578828123 0.316325752247 -0.108722822194
48.11849479583667 1.25860439387 -0.383943865799 0.313190820325 0.0299186340707
48.19855884707766 1.2208628474 -0.557539319198 0.320988719355 0.1637737424
48.27862289831865 1.16958762781 -0.721364961902 0.339192771226 0.289286537041
48.35868694955965 1.10571357541 -0.871655055157 0.366999410484 0.403110539115
48.43875100080064 1.03046455117 -1.00497024927 0.403348293529 0.502191021431
48.51881505204163 0.945323892491 -1.11828147396 0.446948711807 0.583840100157
48.59887910328263 0.851998524317 -1.20904381873 0.496311684052 0.6458028635
48.678943154523616 0.752377604948 -1.275258439 0.549786940224 0.686312778302
48.75900720576461 0.648486856161 -1.31552153176 0.605603767869 0.704135518453
48.83907125700561 0.542439385761 -1.32905830387 0.661914997091 0.698599355295
48.919135308246595 0.436384459974 -1.31574159111 0.716842819247 0.669611803834
48.99919935948759 0.332455442852 -1.27609475681 0.768525349497 0.617662192517
49.079263410728586 0.232718132609 -1.21127868766 0.815162831846 0.5438099932
49.159327461969575 0.139120755571 -1.12306319502 0.855062357874 0.449659187473
49.23939151321057 0.0534468394143 -1.01378350568 0.88668000521 0.337319281741
49.31945556445156 -0.022727724918 -0.886281995555 0.908659223203 0.209353108782
49.399519615692554 -0.0880726952971 -0.743839677767 0.919864806 0.0687154553156
49.47958366693355 -0.141535430727 -0.590095173677 0.919411437308 -0.0813195180394
49.55964771817454 -0.182365954341 -0.4289554733 0.906686064394 -0.237238208228
49.639711769415534 -0.210134667018 -0.264499998072 0.881363689387 -0.395373497805
49.71977582065652 -0.224742156338 -0.100880634284 0.843416080693 -0.55199429006
49.79983987189752 -0.226420907471 0.0577800237645 0.793113231431 -0.703396646219
49.879903923138514 -0.21572896074 0.207489763178 0.731017605047 -0.84599432384
49.9599679743795 -0.19353548825 0.344484639546 0.657971143465 -0.97640644644
50.0400320256205 -0.160998778508 0.465321265245 0.575075475693 -1.09154015837
50.120096076861486 -0.119537160848 0.566961261482 0.483665803212 -1.1886662613
50.20016012810248 -0.0707934201753 0.646845561777 0.385278955203 -1.26548576169
50.28022417934348 -0.016593952996 0.702957334233 0.281616733956 -1.32018622538
50.360288230584466 0.041096782658 0.733871325336 0.174505045363 -1.3514859718
50.44035228182546 0.100225111148 0.73878888509 0.0658500792803 -1.35866544473
50.52041633306645 0.158699205408 0.717557502784 -0.0424075005839 -1.3415847116
50.600480384307446 0.214441079861 0.670674679523 -0.148339197022 -1.30068693527
50.68054443554844 0.265438307219 0.599275557688 -0.250075072823 -1.23698729931
50.76060848678943 0.309793910239 0.505105352164 -0.345848509769 -1.15204832227
50.840672538030425 0.345773655894 0.390476640832 -0.434038641994 -1.04794161259
50.920736589271414 0.371849332537 0.258212680292 -0.513209192107 -0.927197107955
51.00080064051241 0.386736812346 0.111578671355 -0.582142637136 -0.792741522835
51.080864691753405 0.389428963201 -0.0457996138658 -0.639869763883 -0.647825477208
51.16092874299439 0.37922004908 -0.210022964476 -0.68569159835 -0.495945466534
51.24099279423539 0.355724332025 -0.377015056113 -0.719196145875 -0.34075759847
51.321056845476384 0.31888625787 -0.542622242356 -0.740267592654 -0.185988224562
51.40112089671737 0.268982492359 -0.702715282842 -0.749088209045 -0.0353428364368
51.48118494795837 0.206615958543 -0.85329050695 -0.746133089484 0.107584533779
51.56124899919936 0.13270183176 -0.990567961546 -0.732157689772 0.239399213502
51.64131305044035 0.0484458343112 -1.11108411032 -0.708178468026 0.35698891201
51.72137710168135 -0.0446845250431 -1.2117765688 -0.675447206684 0.457599611979
51.80144115292234 -0.144995115018 -1.29005933703 -0.635419599463 0.538902953054
51.88150520416333 -0.250606072863 -1.34388642611 -0.589718708755 0.599053223537
51.96156925540432 -0.359497010612 -1.3718018286 -0.540094557098 0.636732124247
52.041633306645316 -0.469555840667 -1.37297540649 -0.488380476658 0.651180923084
52.12169735788631 -0.578629796367 -1.34722351604 -0.436447491561 0.642218942729
52.2017614091273 -0.684577501515 -1.29501360599 -0.386157759372 0.610247697916
52.281825460368296 -0.785320745913 -1.21745291851 -0.339318274227 0.556240798061
52.361889511609284 -0.878894710235 -1.11626155382 -0.297635956852 0.481719848844
52.44195356285028 -0.96349553684 -0.99373097955 -0.262675119522 0.388717320778
52.522017614091276 -1.03752390766 -0.852667817907 -0.235818504664 0.279726235369
52.602081665332264 -1.09962347834 -0.696324857234 -0.218232927642 0.157638411905
52.68214571657326 -1.14871363422 -0.528322525248 -0.210840002358 0.0256741736434
52.76220976781425 -1.18401547044 -0.352560062663 -0.214292932367 -0.112697168155
52.842273819055244 -1.20507020142 -0.173120730321 -0.228960079142 -0.253842172252
52.92233787029624 -1.21175005303 0.00582846039793 -0.254915259826 -0.394053028963
53.00240192153723 -1.20426082643 0.180138133343 -0.291935500541 -0.529638320449
53.08246597277822 -1.18313645143 0.345777969719 -0.339505960601 -0.657013812838
53.16253002401922 -1.14922547809 0.49893506373 -0.396832073484 -0.772790501677
53.24259407526021 -1.10366991962 0.636106909985 -0.462858534617 -0.873857849578
53.3226581265012 -1.04787686718 0.754187105544 -0.53629475937 -0.957460499357
53.40272217774219 -0.983483722713 0.850540844077 -0.615646053328 -1.02126584563
53.48278622898319 -0.912317779478 0.923069096124 -0.699249841597 -1.06342147448
53.56285028022418 -0.836351206201 0.97025973148 -0.785316011413 -1.0826009096
53.64291433146517 -0.757652445505 0.991224314735 -0.871970463057 -1.07803652848
53.72297838270617 -0.678335350455 0.985719492272 -0.957300683537 -1.04953868026
53.803042433947155 -0.600507186245 0.954152650718 -1.03940233379 -0.997500718443
53.88310648518815 -0.5262168373 0.897571461214 -1.1164256492 -0.922889603464
53.963170536429146 -0.457404505716 0.817638087992 -1.1866205018 -0.827222772099
54.043234587670135 -0.395854023949 0.716588047167 -1.24837911882 -0.712531261195
54.12329863891113 -0.343149070369 0.597175199334 -1.30027530325 -0.581310414286
54.20336269015212 -0.300634343892 0.462603839493 -1.34109921105 -0.436459033953
54.283426741393114 -0.26938252279 0.316450149448 -1.36988694569 -0.281209008368
54.36349079263411 -0.250167986338 0.162574145121 -1.385944094 -0.119046426129
54.4435548438751 -0.243447879013 0.00502482015581 -1.38886268393 0.0463734015212
54.523618895116094 -0.249350879002 -0.152059198857 -1.37853124048 0.211314937738
54.60368294635708 -0.267674104442 -0.304551410748 -1.35513755155 0.372053578385
54.68374699759808 -0.297888193141 -0.448438817624 -1.31916411173 0.524966469522
54.763811048839074 -0.339150322191 -0.579920428086 -1.27137645325 0.666620750567
54.84387510008006 -0.390324945586 -0.695500723546 -1.21280456278 0.79385728685
54.92393915132106 -0.450011805004 -0.792075563545 -1.14471778245 0.90386763121
55.004003202562046 -0.516580394307 -0.867008408219 -1.06859392879 0.994262314537
55.08406725380304 -0.588209949045 -0.918195386508 -0.986083461547 1.06312914758
55.16413130504404 -0.662934423687 -0.944116978157 -0.898969183155 1.10907953535
55.244195356285026 -0.738690781937 -0.943875616963 -0.809122968807 1.13128218385
55.32425940752602 -0.813369836257 -0.917217942488 -0.718460211012 1.12948305941
55.40432345876702 -0.88486816464 -0.864541328595 -0.628893296872 1.10401126778
55.484387510008006 -0.951139951482 -0.786884462967 -0.542285150696 1.05577065062
55.564451561249 -1.01024742945 -0.68590222474 -0.460404026835 0.986217320756
55.64451561248999 -1.06040870554 -0.563825462192 -0.384880642396 0.897323675166
55.724579663730985 -1.10004178394 -0.423406673627 -0.317168713148 0.791529783888
55.80464371497198 -1.12780372816 -0.267852904722 -0.258509839742 0.671683330889
55.88470776621297 -1.142623991 -0.100747514282 -0.20990361407 0.54096958611
55.964771817453965 -1.14373109638 0.0740372827382 -0.172083676657 0.402833117996
56.04483586869495 -1.1306720223 0.25243494895 -0.145500307733 0.260893168191
56.12489991993595 -1.10332380723 0.43028392531 -0.130309979951 0.118854756613
56.204963971176944 -1.06189709691 0.603429264637 -0.12637212611 -0.019582303224
56.28502802241793 -1.00693154227 0.76782413481 -0.133253202013 -0.150814273053
56.36509207365893 -0.939283160422 0.919628609633 -0.150237944271 -0.271421930754
56.44515612489992 -0.86010397638 1.05530347825 -0.176347538602 -0.378254551389
56.52522017614091 -0.77081442608 1.17169667794 -0.210364268434 -0.468507283566
56.60528422738191 -0.673069212557 1.26612028487 -0.25086202431 -0.539790071653
56.6853482786229 -0.568717433581 1.33641609708 -0.296241941407 -0.590186363502
56.76541232986389 -0.459757974251 1.38100829183 -0.344772275581 -0.618300244628
56.84547638110488 -0.348291240071 1.39894182621 -0.394631554936 -0.623290806783
56.925540432345876 -0.236468425555 1.38990565791 -0.443953936838 -0.604892924338
57.00560448358687 -0.126439548284 1.3542402002 -0.490875669096 -0.56342391384
57.08566853482786 -0.0203015190993 1.2929288476 -0.533581517539 -0.499775930297
57.165732586068856 0.079952474644 1.20757376913 -0.570350016596 -0.415394276532
57.245796637309844 0.172481026121 1.10035655441 -0.599596426646 -0.312242149719
57.32586068855084 0.255638848811 0.973984693947 -0.619912361647 -0.192752703858
57.405924739791836 0.328016293792 0.8316252191 -0.630101097438 -0.0597696152083
57.485988791032824 0.38847314514 0.676827006381 -0.629207755412 0.0835225019557
57.56605284227382 0.436165736491 0.513433846925 -0.616543504716 0.233675947999
57.646116893514815 0.470566802692 0.345490372493 -0.591703258293 0.387064186181
57.726180944755804 0.491477661421 0.177142867823 -0.554576500029 0.539970668875
57.8062449959968 0.499032277935 0.0125377640329 -0.505350843027 0.688679739113
57.88630904723779 0.493693252715 -0.144279920603 -0.444508354685 0.829567578044
57.96637309847878 0.476239634386 -0.289465623887 -0.372814561255 0.959190898091
58.04643714971978 0.447747114707 -0.419469383515 -0.291300630604 1.07437124757
58.12650120096077 0.409560901967 -0.531122788299 -0.201238998613 1.17227287324
58.20656525220176 0.363261852121 -0.621716436399 -0.104112958013 1.25047208075
58.28662930344275 0.310627397201 -0.689065885632 -0.00158158921253 1.30701628885
58.36669335468375 0.253586737898 -0.731566269233 0.104560446732 1.34047293243
58.44675740592474 0.194173168515 -0.748230080041 0.212425680289 1.34996329194
58.52682145716573 0.134473394233 -0.738712252493 0.320079300289 1.3351849471
58.60688550840673 0.0765757392157 -0.703318125315 0.425585612461 1.29641889936
58.686949559647715 0.0225182424665 -0.642995947164 0.527054598161 1.23452285168
58.76701361088871 -0.0257620017517 -0.559313702096 0.622687357751 1.15091044583
58.847077662129706 -0.0664770118314 -0.454420477816 0.710819321846 1.04751665681
58.927141713370695 -0.0980324083462 -0.330993715339 0.789960167683 0.926750543309
59.00720576461169 -0.119067182585 -0.192173583357 0.858829506872 0.791436467288
59.08726981585268 -0.128487742831 -0.0414859632897 0.916387447811 0.644745113643
59.167333867093674 -0.12549536138 0.117244070516 0.961859247359 0.490115997266
59.24739791833467 -0.109606425099 0.279986037061 0.994753516865 0.331173462041
59.32746196957566 -0.0806649743617 0.442602886915 1.0148735212 0.17163815486
59.407526020816654 -0.0388471543801 0.600952491785 1.02232123394 0.0152361243229
59.48759007205765 0.0153424446643 0.750989243921 1.01749412762 -0.134392179935
59.56765412329864 0.0810825108868 0.888863310312 1.00107474155 -0.273780808838
59.647718174539634 0.157254528762 1.01101506397 0.974013268004 -0.399722897637
59.72778222578062 0.242469530462 1.11426248743 0.937503659094 -0.509348957354
59.80784627702162 0.335101591851 1.19587917025 0.892953692187 -0.600196744366
59.88791032826261 0.43332681506 1.25366182415 0.841950120229 -0.670271743934
59.9679743795036 0.535167937044 1.28598370636 0.786218781857 -0.718095035983
60.0480384307446 0.638541829785 1.29183512909 0.727582120217 -0.742739597325
60.128102481985586 0.741310126601 1.27084841127 0.667913900126 -0.74385267313
60.20816653322658 0.841331052354 1.22330715602 0.60909284492 -0.721664113257
60.28823058446758 0.936511451542 1.15013954994 0.552956093787 -0.676980401066
60.368294635708565 1.02485760263 1.05289591218 0.501253743656 -0.611164578955
60.44835868694956 1.1045235995 0.93371104873 0.455605567225 -0.526102567945
60.52842273819055 1.17385615761 0.79525229831 0.417460930188 -0.424156675003
60.608486789431545 1.23143475 0.640654516114 0.388062887883 -0.308107404047
60.68855084067254 1.27610603913 0.473443643049 0.368417387383 -0.181085046041
60.76861489191353 1.30701180099 0.29745069342 0.359268294568 -0.0464926895216
60.848678943154525 1.32360965438 0.116718283894 0.361078861286 0.0920774475552
60.92874299439551 1.32568607716 -0.0645980175708 0.374020096734 0.23093232415
61.00880704563651 1.31336140205 -0.242331100289 0.397966318324 0.366368851362
61.088871096877504 1.28708666283 -0.41240400032 0.432497997516 0.494764918853
61.16893514811849 1.24763239075 -0.570929231145 0.476911811362 0.612668308711
61.24899919935949 1.19606954597 -0.71430427977 0.530237734215 0.716882175252
61.32906325060048 1.13374320073 -0.839298465827 0.591262617161 0.804542790359
61.40912730184147 1.06223951213 -0.943132396192 0.65855977384 0.873190658041
61.48919135308247 0.983346828978 -1.02354530669 0.730523816057 0.920830782012
61.56925540432346 0.899011823881 -1.07885029044 0.80540994149 0.945982085855
61.64931945556445 0.811291877979 -1.10797526232 0.881376574107 0.947714060189
61.72938350680545 0.722304674538 -1.11048884023 0.956530501202 0.925669903004
61.809447558046436 0.63417636258 -1.0866103775 1.02897328804 0.880075467849
61.88951160928743 0.548989657339 -1.03720452058 1.09684774621 0.811734354625
61.96957566052842 0.468732862865 -0.963759540508 1.15838357343 0.722008470375
62.049639711769416 0.395251321102 -0.868350556372 1.21194081754 0.612785061236
62.12970376301041 0.330202438633 -0.753588471423 1.25605013403 0.486430950609
62.2097678142514 0.275015201408 -0.622555698092 1.28944902186 0.345734947271
62.289831865492395 0.230855427953 -0.478730329666 1.31111291776 0.193839908004
62.369895916733384 0.198597471723 -0.325900691558 1.32028051269 0.034166185683
62.44995996797438 0.178803038515 -0.168072222966 1.31647269426 -0.129671790263
62.530024019215375 0.171707720044 -0.0093691669814 1.29950457663 -0.293953581891
62.610088070456364 0.177215480934 0.146066660559 1.26949040581 -0.454943426252
62.69015212169736 0.194901426958 0.294177833348 1.22684104643 -0.608981573123
62.77021617293835 0.224022485858 0.431090623131 1.17225438058 -0.752573245806
62.85028022417934 0.263536007376 0.553210436927 1.10669861246 -0.882474134685
62.93034427542034 0.312125679059 0.657309897699 1.03138901946 -0.995769302519
63.01040832666133 0.368234175662 0.740608249269 0.947758671018 -1.08994432012
63.09047237790232 0.430101734456 0.800839720888 0.857423838546 -1.16294651493
63.17053642914331 0.495809708503 0.836309192831 0.76214494533 -1.21323484718
63.25060048038431 0.563328006917 0.845934080526 0.663784033474 -1.2398174443
63.3306645316253 0.630565334924 0.829270969278 0.564259721461 -1.24227547893
63.41072858286629 0.695420900872 0.786526825979 0.465500845941 -1.22077323517
63.49079263410729 0.755836404583 0.718554124711 0.369399849506 -1.17605376915
63.57085668534828 0.809847039213 0.626830248715 0.277767049857 -1.10942048848
63.65092073658927 0.855630161438 0.513421500801 0.192286994983 -1.02270494801
63.730984787830266 0.891550469304 0.380932739809 0.114477943821 -0.918221773008
63.811048839071255 0.916200692288 0.232443842865 0.0456553638495 -0.798711784115
63.89111289031225 0.928436702513 0.0714344778047 -0.0130995772803 -0.667274653334
63.971176941553246 0.927406213161 -0.0983010274132 -0.0609657791917 -0.527292691005
64.05124099279423 0.9125701471 -0.272746020291 -0.0974014140752 -0.382348179803
64.13130504403523 0.88371670333 -0.447760025943 -0.122156594506 -0.236135185637
64.21136909527623 0.840967131207 -0.619179851288 -0.135278617098 -0.0923690373654
64.2914331465172 0.784773657047 -0.782921365934 -0.137110180005 0.0453048005393
64.3714971977582 0.715908843654 -0.935079418133 -0.128279930059 0.173400186506
64.4515612489992 0.635447568958 -1.07202321149 -0.109686401471 0.288675696671
64.5316253002402 0.544741465088 -1.19048513968 -0.0824752040428 0.388214162637
64.61168935148119 0.44538654671 -1.28764065812 -0.0480101134156 0.469494184193
64.69175340272218 0.339184882947 -1.36117735952 -0.00783882827874 0.53045197552
64.77181745396317 0.228101251097 -1.40935149574 0.0363457654132 0.569531970986
64.85188150520416 0.114215804988 -1.4310306062 0.082747898401 0.585724990899
64.93194555644516 -0.000326077937763 -1.42572118216 0.129513747958 0.578593008309
65.01200960768615 -0.113365550324 -1.39358070913 0.174777700762 0.548279928114
65.09207365892715 -0.222782355296 -1.33541376609 0.21670889009 0.495508090407
65.17213771016813 -0.326545931778 -1.2526523072 0.253556877511 0.421560610955
65.25220176140913 -0.422764367413 -1.1473206071 0.283695407042 0.328249989372
65.33226581265012 -0.509729936507 -1.02198570849 0.305663101209 0.217873736162
65.41232986389112 -0.585960114345 -0.879694579835 0.318200106369 0.0931581001346
65.49239391513211 -0.650233086359 -0.723899545157 0.320279808446 -0.0428087049622
65.5724579663731 -0.701616882905 -0.558373802078 0.3111348408 -0.186652148446
65.65252201761409 -0.739491419508 -0.387119097879 0.290276739436 -0.334794051752
65.73258606885508 -0.763562902022 -0.214267814517 0.257508761626 -0.483540262936
65.81265012009608 -0.773870255569 -0.043981879155 0.212931562531 -0.629171172654
65.89271417133708 -0.770783408963 0.11964904868 0.156941579245 -0.768032876697
65.97277822257806 -0.754993484896 0.272707602204 0.0902221673593 -0.896626736432
66.05284227381905 -0.727495134108 0.411544506231 0.013727703471 -1.01169515355
66.13290632506005 -0.689561447509 0.532867800875 -0.0713389576526 -1.11030145569
66.21297037630104 -0.642712062001 0.63382330472 -0.163555119781 -1.18990193605
66.29303442754204 -0.588675240006 0.712064351874 -0.261312277219 -1.24840828684
66.37309847878302 -0.529344852893 0.765809084112 -0.362854709039 -1.28423888737
66.45316253002402 -0.466733331534 0.79388393286 -0.466321683359 -1.29635772438
66.53322658126501 -0.402921717423 0.795752158058 -0.569792256603 -1.28429992999
66.61329063250601 -0.340008069867 0.771526820348 -0.671331543384 -1.24818337892
66.693354683747 -0.280055365486 0.721967839779 -0.769037439444 -1.1887060345
66.77341873498798 -0.225040450089 0.648463136374 -0.861086400553 -1.10712903924
66.85348278622898 -0.176804997622 0.552994475726 -0.945777422381 -1.00524610807
66.93354683746998 -0.137009816244 0.438088720906 -1.02157302128 -0.885339852298
67.01361088871097 -0.107093611577 0.306755728843 -1.08713622185 -0.750126143003
67.09367493995197 -0.0882371921853 0.162414408988 -1.14136266915 -0.602687873037
67.17373899119295 -0.0813340545807 0.00880882911529 -1.18340702613 -0.446399805623
67.25380304243394 -0.0869679448731 -0.150083755479 -1.21270312152 -0.284846189628
67.33386709367494 -0.105398078888 -0.310150547329 -1.22897723752 -0.12173329259
67.41393114491594 -0.136552354419 -0.46724396655 -1.23225423848 0.0392008559118
67.49399519615693 -0.180028575331 -0.617283764671 -1.22285652282 0.194277934203
67.57405924739791 -0.235103917383 -0.75635702637 -1.20139559236 0.339968907805
67.65412329863891 -0.300752194376 -0.880814309191 -1.16875663407 0.472980151064
67.7341873498799 -0.375668594661 -0.987359272739 -1.12607640995 0.59033373935
67.8142514011209 -0.458301236672 -1.07312963567 -1.07471503803 0.689439976077
67.8943154523619 -0.54688884577 -1.13576764646 -1.01622228927 0.768160530094
67.97437950360288 -0.639503659874 -1.17347840959 -0.952299199645 0.824860698338
68.05444355484387 -0.734098126912 -1.18507319579 -0.884756284068 0.858448222486
68.13450760608487 -0.828554881345 -1.16999989821 -0.815468811281 0.868400595533
68.21457165732586 -0.92073831098 -1.12835629771 -0.746330651984 0.854776974617
68.29463570856686 -1.00854665834 -1.06088802651 -0.679207645518 0.818216391912
68.37469975980784 -1.08996327091 -0.968971100892 -0.615891725981 0.759922147729
68.45476381104884 -1.16310582632 -0.854578138214 -0.55805685887 0.681631593535
68.53482786228983 -1.22627227154 -0.720230380612 -0.507217917603 0.585573205338
68.61489191353083 -1.2779823497 -0.568936580945 -0.464693508215 0.474411892687
68.69495596477182 -1.31701382816 -0.404119485648 -0.431573536301 0.351183201093
68.77502001601282 -1.34243233166 -0.229532377676 -0.408692497556 0.219218613562
68.8550840672538 -1.35361414808 -0.0491676516123 -0.396609058341 0.0820637171487
68.9351481184948 -1.35026159524 0.132840694856 -0.395592294824 -0.0566090782434
69.01521216973579 -1.33241024148 0.312317912482 -0.405615224117 -0.193090814691
69.09527622097679 -1.30042820584 0.485150233222 -0.426355424982 -0.323727050269
69.17534027221778 -1.2550071075 0.647385487583 -0.457203133732 -0.445007924337
69.25540432345876 -1.19714531968 0.795329316478 -0.497276228427 -0.553654277952
69.33546837469976 -1.12812363671 0.925635397404 -0.545442004123 -0.646698414432
69.41553242594075 -1.04947408944 1.03538698003 -0.600345080811 -0.721557077891
69.49559647718175 -0.962942626111 1.12216798645 -0.660440801971 -0.776095087426
69.57566052842274 -0.87044659296 1.18412182757 -0.72403328707 -0.808677971665
69.65572457966373 -0.774028031515 1.21999653339 -0.789317227385 -0.81821234808
69.73578863090472 -0.675803974763 1.22917506866 -0.854422366589 -0.804173036409
69.81585268214572 -0.577914875879 1.21169013368 -0.917459650916 -0.766616279384
69.89591673338671 -0.482472484117 1.16822310203 -0.976567871744 -0.70617875884
69.97598078462771 -0.391508612937 1.10008694306 -1.0299595066 -0.624062270963
70.05604483586869 -0.306925685478 1.00919383772 -1.07596496606 -0.522004695393
70.13610888710969 -0.23045055368 0.898008041482 -1.11307390661 -0.402237753925
70.21617293835068 -0.163592627806 0.769485211722 -1.13997268123 -0.267432649048
70.29623698959168 -0.10760738938 0.626999777722 -1.15557696681 -0.120634995597
70.37630104083267 -0.0634662059182 0.47426222315 -1.15905874608 0.0348092800861
70.45636509207365 -0.0318328760923 0.315227820962 -1.14986726031 0.195335694423
70.53642914331465 -0.0130479730695 0.153999560006 -1.12774297664 0.357248161299
70.61649319455564 -0.00712097022364 -0.00527255976853 -1.09272458431 0.51680919779
70.69655724579664 -0.0137306238235 -0.158493377285 -1.04514859485 0.670331154534
70.77662129703764 -0.0322333536414 -0.3017230089 -0.985641778225 0.814266181318
70.85668534827862 -0.0616795968516 -0.431273604701 -0.915106457162 0.945292894379
70.93674939951961 -0.100837698746 -0.543799767042 -0.834699050442 1.0603973674
71.01681345076061 -0.148224495923 -0.636380909473 -0.745802621533 1.15694690438
71.0968775020016 -0.202142613092 -0.706592600083 -0.649993413422 1.23275394715
71.1769415532426 -0.260722380072 -0.752566307449 -0.549003244678 1.28612959678
71.25700560448358 -0.321968362532 -0.773035334402 -0.44467777235 1.3159247653
71.33706965572458 -0.383808875117 -0.767365964907 -0.338932082729 1.32155808504
71.41713370696557 -0.444147423993 -0.735573135901 -0.233704552979 1.30302995925
71.49719775820657 -0.500914643604 -0.678320229264 -0.1309102689 1.26092239157
71.57726180944756 -0.552119932692 -0.59690302237 -0.0323947107696 1.1963846286
71.65732586068854 -0.595900692841 -0.493217923448 0.0601104150171 1.11110472876
71.73738991192954 -0.630568635456 -0.369715828828 0.145028720191 1.00726825466
71.81745396317054 -0.654651941233 -0.229342188917 0.220976965785 0.887504614416
71.89751801441153 -0.666932048359 -0.0754649406669 0.286798084284 0.754822536566
71.97758206565253 -0.666474322728 0.0882076985364 0.341588723961 0.612536464808
72.05764611689351 -0.652651582235 0.257718210064 0.384720394877 0.464185095426
72.1377101681345 -0.625160250427 0.428956459416 0.415854015129 0.313444803724
72.2177742193755 -0.584028614358 0.59776024791 0.434947387027 0.16403960704
72.2978382706165 -0.529616891169 0.760017192159 0.442255338514 0.0196499374893
72.37790232185749 -0.462609180238 0.911765439519 0.438322598525 -0.116177544157
72.45796637309847 -0.383997510487 1.04929053369 0.423969593865 -0.240116688373
72.53803042433947 -0.295058339412 1.16921645432 0.400271486819 -0.34914338095
72.61809447558046 -0.197322071208 1.26858821342 0.368530961454 -0.440609507626
72.69815852682146 -0.092536435196 1.34494432654 0.330245511796 -0.512307852979
72.77822257806245 0.0173755936916 1.39637705789 0.287069842297 -0.562526052393
72.85828662930344 0.130362108455 1.4215790563 0.240774476458 -0.590088358503
72.93835068054443 0.244291670708 1.41987555397 0.193201600548 -0.594384480674
73.01841473178543 0.357004731874 1.39124094319 0.146219097461 -0.575384436417
73.09847878302642 0.46636576222 1.33629945413 0.101673946067 -0.533639166879
73.17854283426742 0.570314750211 1.25630997481 0.0613461837148 -0.470266953214
73.25860688550841 0.666916950579 1.15313533432 0.0269044361357 -0.38692592119
73.3386709367494 0.754409465934 1.02919678656 -0.000135718072733 -0.285773294443
73.41873498799039 0.831243661466 0.887414891066 -0.0184496525938 -0.169412467649
73.49879903923139 0.896122366624 0.731138168102 -0.0269369314835 -0.0408291330423
73.57886309047238 0.94803095037 0.564061226181 -0.0247490623789 0.0966820192599
73.65892714171338 0.986261460602 0.3901344899 -0.0113110400913 0.239598121512
73.73899119295436 1.01042925927 0.213467653831 0.013663828383 0.384254565728
73.81905524419535 1.02048178697 0.0382292446514 0.0501661452766 0.526934924978
73.89911929543635 1.01669918649 -0.131455242854 0.0978899320765 0.663962150725
73.97918334667735 0.999686811793 -0.291604146042 0.156239404335 0.791788816557
74.05924739791834 0.97035978819 -0.438476887939 0.224342862771 0.907084184912
74.13931144915932 0.92992000019 -0.568665381916 0.30107336346 1.0068160353
74.21937550040032 0.879826064584 -0.679177287045 0.385075667728 1.08832519401
74.29943955164131 0.821757081175 -0.767508806877 0.474798762092 1.1493906993
74.37950360288231 0.75757097748 -0.831705934667 0.568533217191 1.18828461963
74.4595676541233 0.689258467839 -0.870411996167 0.664452471839 1.20381460089
74.53963170536429 0.618893833549 -0.88290065713 0.760656961637 1.19535339663
74.61969575660528 0.548583635749 -0.869093357528 0.855220096546 1.16285445205
74.69975980784628 0.480414685639 -0.829560980675 0.946234901226 1.10685336983
74.77982385908727 0.416402515664 -0.765509614037 1.03186020444 1.02845512964
74.85988791032827 0.358441601577 -0.678750718073 1.11036525819 0.929307344764
74.93995196156925 0.308258603635 -0.571656459236 1.1801716508 0.811560232763
75.02001601281025 0.267369707258 -0.447101390872 1.23989154658 0.677814360421
75.10008006405124 0.237043160353 -0.308391730392 1.28836126937 0.531057280783
75.18014411529224 0.218267902961 -0.159184108785 1.32466942798 0.374590742376
75.26020816653323 0.211729058374 -0.00339574325144 1.34817889467 0.211950217492
75.34027221777421 0.217790877535 0.154891781282 1.35854210671 0.0468187069068
75.42033626901521 0.236487578732 0.311532769854 1.35570929517 -0.117063072844
75.5004003202562 0.267522291685 0.462419239743 1.3399294536 -0.275987903616
75.5804643714972 0.31027413403 0.603581837251 1.31174402161 -0.426372469284
75.6605284227382 0.363813249882 0.731287304132 1.27197343575 -0.564844669939
75.74059247397918 0.426923384277 0.842130259051 1.22169692937 -0.68832584554
75.82065652522017 0.4981316075 0.933116889947 1.16222592702 -0.794105756161
75.90072057646117 0.575744255628 1.00173858991 1.09507186961 -0.879908557001
75.98078462770216 0.657888343871 1.04603370954 1.02190913585 -0.943948132036
76.06084867894316 0.742557338654 1.06463588477 0.944534057687 -0.984971406408
76.14091273018414 0.827660393907 1.05680797155 0.864820830777 -1.00228876998
76.22097678142514 0.911073489657 1.02246029148 0.784675718605 -0.995790451684
76.30104083266613 0.990691451253 0.962153199633 0.705990465143 -0.965948854699
76.38110488390713 1.06447961741 0.877083737918 0.630596019145 -0.913806640319
76.46116893514812 1.13052376484 0.769056614732 0.560217816784 -0.840950776309
76.5412329863891 1.18707705211 0.640440363084 0.496433730686 -0.749473312605
76.6212970376301 1.23260292974 0.494109749725 0.440635628285 -0.64191984487
76.7013610888711 1.26581300156 0.333375699836 0.393995448477 -0.521226798194
76.78142514011209 1.28569877256 0.161904530776 0.357436749963 -0.39064913697
76.86148919135309 1.29155660659 -0.0163716505111 0.33161233733 -0.253680161631
76.94155324259407 1.28300500022 -0.19735031243 0.31688876516 -0.11396614493
77.02161729383506 1.25999450756 -0.376859224582 0.313337420334 0.0247838327934
77.10168134507606 1.22280908439 -0.550758005289 0.320733285587 0.158888784634
77.18174539631705 1.17205955248 -0.715039264816 0.338560756604 0.284786356608
77.26180944755805 1.10866896702 -0.865926379503 0.366026707214 0.399120350745
77.34187349879905 1.03385042239 -0.999965662611 0.402080323382 0.498823231137
77.42193755004003 0.949077772927 -1.11411059886 0.445439279157 0.581191523817
77.50200160128102 0.856050025124 -1.20579605664 0.494621577408 0.6439522425
77.58206565252202 0.756649920178 -1.27300161348 0.547982590523 0.685319566196
77.66212970376301 0.652898747298 -1.31429913161 0.603755474192 0.704037413779
77.74219375500401 0.546907070601 -1.32888894329 0.660095238163 0.699411819664
77.82225780624499 0.440823720438 -1.31661828055 0.715124369037 0.671327410458
77.90232185748599 0.336783623269 -1.27798519938 0.766979490988 0.620250893049
77.98238590872698 0.236856163181 -1.21412613182 0.813857548373 0.547219882692
78.06244995996798 0.142995042777 -1.12678787513 0.854060643706 0.453817795632
78.14251401120897 0.0569910779417 -1.01828422698 0.886038246516 0.342134993561
78.22257806244995 -0.0195710300548 -0.891439570978 0.908425838742 0.214718243276
78.30264211369095 -0.0853508013489 -0.749519180169 0.920078972537 0.074508283544
78.38270616493195 -0.139284305255 -0.596149431396 0.920102151415 -0.0752316416711
78.46277021617294 -0.180609397287 -0.435228535996 0.90787136018 -0.230995741348
78.54283426741394 -0.208883770908 -0.270831054816 0.883050159096 -0.389121200521
78.62289831865492 -0.223995079401 -0.107107969638 0.845598675579 -0.545877681459
78.70296236989591 -0.226162983001 0.0518150756627 0.795775363814 -0.697558462703
78.78302642113691 -0.215933065007 0.201938980074 0.734131481946 -0.840571080995
78.8630904723779 -0.194162738493 0.339489182308 0.661498395881 -0.971525099273
78.9431545236189 -0.161999524954 0.461008191163 0.578968051243 -1.08731497838
79.02321857485988 -0.120852215147 0.563440338547 0.487867070518 -1.18519598311
79.10328262610088 -0.0723556270806 0.644206688469 0.389725115706 -1.26285127202
79.18334667734187 -0.0183298228311 0.701268265959 0.286238288186 -1.31844852663
79.26341072858287 0.0392652206366 0.733176048476 0.179228457062 -1.35068472562
79.34347477982386 0.0983783732148 0.739106507556 0.0705995131322 -1.35881797828
79.42353883106485 0.156918306676 0.718881788193 -0.0377083416489 -1.34268560006
79.50360288230584 0.212805524165 0.672974160079 -0.143765267272 -1.30270810278
79.58366693354684 0.264024026888 0.602494446552 -0.245698134155 -1.23987883584
79.66373098478783 0.308671461944 0.50916485584 -0.341735511717 -1.15573965882
79.74379503602883 0.345006479595 0.395276819596 -0.430250158127 -1.05234318712
79.82385908726981 0.371492124165 0.263634922738 -0.509797958242 -0.932202581405
79.9039231385108 0.386834323313 0.117488139318 -0.579152472118 -0.798229968647
79.9839871897518 0.39001428953 -0.0395497050017 -0.637334031814 -0.65366521449
80.0640512409928 0.380314263913 -0.203588513308 -0.683632876029 -0.501996596757
80.14411529223379 0.357335788056 -0.37055697227 -0.717625593396 -0.34687567994
80.22417934347477 0.321010322909 -0.536302531882 -0.739184712132 -0.192027778303
80.30424339471577 0.271601641583 -0.696693056363 -0.7484809228 -0.0411609212901
80.38430744595676 0.209700213841 -0.847718099792 -0.745978129098 0.102124846228
80.46437149719776 0.136209424402 -0.98558720782 -0.732421185159 0.234425501824
80.54443554843876 0.0523241596906 -1.10682281698 -0.708816798081 0.35261624683
80.62449959967974 -0.0404975784524 -1.20834546953 -0.676408185125 0.453927827485
80.70456365092073 -0.140569845749 -1.28754953752 -0.63664365283 0.53601435851
80.78462770216173 -0.246019229793 -1.3423667994 -0.591140427227 0.59701026996
80.86469175340272 -0.354829675742 -1.37131716647 -0.541644586068 0.635575747993
80.94475580464372 -0.464891857266 -1.37354604258 -0.489986921106 0.650930207484
81.0248198558847 -0.574053652112 -1.34884432904 -0.438037807448 0.642870224372
81.1048839071257 -0.680172235138 -1.29765416264 -0.387660624359 0.611774693563
81.18494795836669 -0.781165941967 -1.2210581893 -0.340665379697 0.558595244374
81.26501200960769 -0.875064642976 -1.12075356135 -0.298763666488 0.484832977204
81.34507606084868 -0.960057394096 -0.999010530977 -0.263526056286 0.392501407398
81.42514011208968 -1.03453607385 -0.858616213933 -0.236343084867 0.28407613038
81.50520416333066 -1.0971342081 -0.702807766247 -0.21839054553 0.162435007105
81.58526821457166 -1.14675993709 -0.535192872688 -0.210600025674 0.0307869884581
81.66533226581265 -1.18262216182 -0.359661790463 -0.213635549126 -0.107406621633
81.74539631705365 -1.20424936968 -0.180292281357 -0.22787677192 -0.248517270537
81.82546036829464 -1.21150076151 -0.00125004780693 -0.253409069836 -0.388838286581
81.90552441953562 -1.20456917931 0.173312970871 -0.290020965946 -0.524675924153
81.98558847077662 -1.1839759526 0.339359953713 -0.337208792651 -0.652440095953
82.06565252201761 -1.15055770201 0.493067748897 -0.394188553338 -0.768732593239
82.14571657325861 -1.10544546157 0.630920162623 -0.459914660174 -0.870430593469
82.2257806244996 -1.05003660699 0.749793763146 -0.533105111478 -0.9547634648
82.30584467574059 -0.985960256842 0.847034163556 -0.612272511407 -1.01938104391
82.38590872698158 -0.915037116091 0.920520361667 -0.695760063882 -1.06241121865
82.46597277822258 -0.83923457652 0.968716638832 -0.781781811237 -1.08250636945
82.54603682946357 -0.760618251908 0.990709760087 -0.868466062816 -1.07887664794
82.62610088070457 -0.681301171534 0.986231043631 -0.953900917805 -1.05130970582
82.70616493194555 -0.603391809195 0.955662580344 -1.03618082811 -1.00017623018
82.78622898318655 -0.528942265831 0.900027517 -1.11345302092 -0.92642120771
82.86629303442754 -0.459897863009 0.820964734398 -1.18396265515 -0.831541214595
82.94635708566854 -0.39804934793 0.720688371491 -1.24609563641 -0.717548136085
83.02642113690953 -0.344988951136 0.601933235695 -1.29841797922 -0.586920247163
83.10648518815051 -0.30207129187 0.467887554199 -1.33971082543 -0.442541957171
83.18654923939151 -0.27038019147 0.32211452534 -1.36900016916 -0.287633524986
83.2666132906325 -0.250702034336 0.168464853795 -1.38558071577 -0.125672700304
83.3466773418735 -0.243506534709 0.010982042854 -1.38903310614 0.0396901210272
83.4267413931145 -0.248935350935 -0.146196973524 -1.37923411087 0.204720914783
83.50680544435548 -0.266798378119 -0.298943214324 -1.35635994573 0.365692851101
83.58686949559647 -0.296578795949 -0.443237414952 -1.32088174418 0.518977457285
83.66693354683747 -0.337445601342 -0.575268533295 -1.27355432457 0.661132863531
83.74699759807847 -0.388274177919 -0.69152748923 -1.21539775763 0.788987780114
83.82706164931946 -0.44767395183 -0.788893394691 -1.14767258549 0.89971874982
83.90712570056044 -0.514022605024 -0.86471025828 -1.07184916585 0.990918870245
83.98718975180144 -0.585506006921 -0.91685238025 -0.989571892564 1.06065638825
84.06725380304243 -0.660162854912 -0.943776691176 -0.902619196971 1.1075216024
84.14731785428343 -0.735932948603 -0.944560868924 -0.812860292395 1.13066102978
84.22738190552442 -0.81070791328 -0.918926239579 -0.722209722831 1.12979794667
84.3074459567654 -0.88238311784 -0.867244902556 -0.632580839309 1.10523880192
84.3875100080064 -0.948909533056 -0.79053093157 -0.545839327087 1.05786536995
84.4675740592474 -1.00834425365 -0.690415854093 -0.463757926804 0.989112824967
84.54763811048839 -1.05889844545 -0.569109007389 -0.387973458889 0.900934271878
84.62770216172939 -1.09898154132 -0.429343743938 -0.319947204629 0.795752604945
84.70776621297037 -1.12724061332 -0.274310797633 -0.260929604431 0.676400868547
84.78783026421137 -1.14259394287 -0.107580448494 -0.211930149236 0.546052586514
84.86789431545236 -1.14425797641 0.066984612595 -0.173693192815 0.408143762798
84.94795836669336 -1.13176700197 0.245323585121 -0.146680280081 0.266288464387
85.02802241793435 -1.1049850647 0.423276708813 -0.131059423036 0.12419006156
85.10808646917533 -1.06410983447 0.596686875517 -0.126701581376 -0.0144497373569
85.18815052041633 -1.00966831629 0.761501150269 -0.133184445625 -0.146021770798
85.26821457165732 -0.942504523395 0.913869757047 -0.149803415575 -0.267098039324
85.34827862289832 -0.863759405982 1.05024010974 -0.175589511648 -0.374515885
85.42834267413932 -0.774843528279 1.16744357049 -0.209333778222 -0.465455659234
85.50840672538031 -0.677403161842 1.26277282026 -0.249617580783 -0.537509985027
85.58847077662129 -0.573280634846 1.33404792462 -0.294848045044 -0.588742897026
85.66853482786229 -0.464469911948 1.37966949822 -0.343297765393 -0.617737429733
85.74859887910328 -0.353068328722 1.39865789365 -0.393147955309 -0.623630691863
85.82866293034428 -0.241226022669 1.39067671881 -0.442533659032 -0.606134908325
85.90872698158527 -0.131094022725 1.35604106197 -0.489590163171 -0.565544769248
85.98879103282626 -0.0247722546089 1.29570960339 -0.532499482401 -0.502730350957
86.06885508406725 0.0757412460232 1.21126098843 -0.569535762424 -0.419115944483
86.14891913530825 0.168598172175 1.10485511804 -0.59910804179 -0.316645379097
86.22898318654924 0.252144886176 0.979180141392 -0.619800417622 -0.197734543492
86.30904723779024 0.324961879012 0.837386520552 -0.630407302093 -0.0652123314885
86.38911128903122 0.385897886715 0.683009840531 -0.629963893561 0.0777484893997
86.46917534027222 0.434097248099 0.519884140232 -0.617770594787 0.227708896536
86.54923939151321 0.469020120843 0.352048009827 -0.593411035333 0.381047707025
86.6293034427542 0.490454897043 0.183645652765 -0.55676310823 0.534050180431
86.7093674939952 0.498522625696 0.0188253569146 -0.508002848606 0.682998940337
86.78943154523618 0.493673247002 -0.138362053836 -0.447600979662 0.824264912155
86.86949559647718 0.476673806408 -0.284062433283 -0.376312276435 0.954396169035
86.94955964771817 0.448588882086 -0.414712669745 -0.295157956754 1.07020242729
87.02962369895917 0.410753742413 -0.527127917992 -0.205401562037 1.16883316038
87.10968775020017 0.364740866979 -0.618579552441 -0.108518895351 1.24784740269
87.18975180144115 0.312320711594 -0.686861867776 -0.00616280527733 1.30527347566
87.26981585268214 0.255417408914 -0.730346364442 0.0998765650035 1.33965759515
87.34987990392314 0.196061154396 -0.748020996519 0.207714496417 1.35009901163
87.42994395516413 0.136337539449 -0.739515389963 0.315417146 1.33627258603
87.51000800640513 0.0783357929977 -0.705109552075 0.421047975775 1.29843658089
87.59007205764611 0.0240968498581 -0.645727101348 0.522714336041 1.23742658879
87.6701361088871 -0.02443734903 -0.562912421382 0.618612944788 1.15463506378
87.7502001601281 -0.0654721562129 -0.458792841676 0.707073216941 1.05197744354
87.8302642113691 -0.097404881984 -0.336026365555 0.786597337252 0.931845328135
87.9103282626101 -0.118864758157 -0.197736509328 0.855896122942 0.797048115905
87.99039231385107 -0.128747210843 -0.0474356620858 0.913919789013 0.65074435874
88.07045636509207 -0.126241598389 0.111061021732 0.959882860497 0.496364638488
88.15052041633307 -0.110851787429 0.273729317747 0.993282670051 0.337527647379
88.23058446757406 -0.0824088790417 0.436434403043 1.0139108247 0.177951990569
88.31064851881506 -0.0410760962385 0.59503243228 1.0218576517 0.0213652074087
88.39071257005604 0.0126546058858 0.745472132643 1.01750923063 -0.128587225182
88.47077662129703 0.07797394073 0.883894212305 1.00153725037 -0.268430932404
88.55084067253803 0.153774486605 1.00672605884 0.974881883284 -0.394947464489
88.63090472377903 0.238677226832 1.11076939961 0.938728081463 -0.505252818147
88.71096877502002 0.331064707993 1.19327885162 0.894475944653 -0.596867800684
88.791032826261 0.429120099636 1.25202937295 0.843705801556 -0.667778456522
88.871096877502 0.530871121387 1.28537097835 0.788138930423 -0.716485089992
88.951160928743 0.634237816869 1.29226939952 0.729594832783 -0.742038702619
89.03122497998399 0.737082975287 1.27233166447 0.669946134068 -0.744063926627
89.11128903122498 0.837263977886 1.22581599045 0.611072206039 -0.722767912244
89.19135308246597 0.932684800884 1.15362574319 0.55481264679 -0.678934947537
89.27141713370696 1.02134689632 1.05728759892 0.502921763187 -0.613906932766
89.35148118494796 1.10139771311 0.938914469301 0.457025164059 -0.529550210922
89.43154523618895 1.17117566609 0.801154066543 0.418579531636 -0.428209539987
89.51160928742995 1.22925045525 0.647124387458 0.388836554299 -0.312650351914
89.59167333867094 1.2744577473 0.480337687987 0.368811905244 -0.185990705633
89.67173738991193 1.30592736003 0.304614779867 0.359260036511 -0.051624574229
89.75180144115292 1.32310428433 0.123991852003 0.36065538429 0.0868615613931
89.83186549239392 1.32576201675 -0.0573780480428 0.37318045715 0.225776900156
89.91192954363491 1.31400786719 -0.235326349167 0.396721107709 0.361417030283
89.99199359487591 1.28828011987 -0.405770694517 0.430869096851 0.490154999014
90.07205764611689 1.24933711932 -0.564814559249 0.474931886061 0.608530483554
90.15212169735788 1.19823854946 -0.708842286073 0.527949417938 0.713334858479
90.23218574859888 1.1363193733 -0.834607294288 0.588717466181 0.801690149907
90.31224979983988 1.06515703332 -0.939311210177 0.655817017633 0.871119859752
90.39231385108087 0.986532755949 -1.02067202358 0.727648931176 0.919609962985
90.47237790232185 0.902387926229 -1.0769796612 0.802473008299 0.94565863673
90.55244195356285 0.814776504624 -1.10713747349 0.878450605009 0.948313375231
90.63250600480384 0.725814767318 -1.11068874831 0.953689637621 0.92719469652
90.71257005604484 0.637629517227 -1.0878275619 1.02629095515 0.882505823535
90.79263410728583 0.552306077336 -1.03939367712 1.09439490374 0.815028079959
90.87269815852682 0.471837336814 -0.966851643682 1.15622694555 0.726102139347
90.95276220976781 0.398075074703 -0.872254607205 1.21014123523 0.617595581476
91.03282626100881 0.332684766983 -0.758193708962 1.25466107431 0.491857545678
91.1128903122498 0.277104982016 -0.627734316901 1.28851525397 0.351661592055
91.1929543634908 0.232512368643 -0.48434067157 1.3106693869 0.20013818877
91.27301841473178 0.199793032433 -0.331790676562 1.32035151597 0.0406983742823
91.35308246597278 0.17952114333 -0.174083155928 1.31707124459 -0.123049325715
91.43314651721377 0.171945119828 -0.0153395984879 1.30063207969 -0.287386917836
91.51321056845477 0.176981864758 0.140297103603 1.27113656205 -0.448577651654
91.59327461969576 0.194219126828 0.288764223078 1.2289841175 -0.60295700459
91.67333867093674 0.222925927882 0.426179130335 1.17486168286 -0.747022201757
91.75340272217774 0.262070870168 0.548934557758 1.10972727295 -0.877517554718
91.83346677341873 0.310347711166 0.653787272629 1.03478703716 -0.991513897157
91.91353082465973 0.366207778093 0.737937798669 0.951466188742 -1.08648000413
91.99359487590073 0.427898384528 0.799099168815 0.861374557003 -1.16034418829
92.07365892714171 0.493506186425 0.83555319976 0.766267713949 -1.21154472143
92.1537229783827 0.561004518786 0.846192697867 0.668004534109 -1.23906765704
92.2337870296237 0.628303390995 0.830549552348 0.568502371475 -1.24247201443
92.3138510808647 0.693301515475 0.78880519278 0.469690413156 -1.22189916961
92.39391513210569 0.753938021981 0.721787064752 0.37346331283 -1.17806972484
92.47397918334667 0.808243500986 0.630948701404 0.281635422848 -1.1122656878
92.55404323458767 0.854388873371 0.518334309111 0.19589697084 -1.02629878246
92.63410728582866 0.89073068777 0.386528965937 0.117773433455 -0.922465875607
92.71417133706966 0.915852130296 0.238595318402 0.0485887477963 -0.803492311851
92.79423538831065 0.928598200947 0.0779989997153 -0.010566255218 -0.67246514797
92.87429943955163 0.928104747543 -0.0914761421995 -0.0588599186692 -0.532757261078
92.95436349079263 0.913820221541 -0.265820410199 -0.0957393115859 -0.387944655899
93.03442754203363 0.885519881254 -0.440896244916 -0.120943019136 -0.241718737035
93.11449159327462 0.843312001558 -0.612539436746 -0.134506776182 -0.0977956922139
93.19455564451562 0.787635971283 -0.776660887719 -0.136761837672 0.0401746179645
93.2746196957566 0.719252213833 -0.929346631779 -0.128326028116 0.168698211878
93.3546837469976 0.639224242908 -1.06695347745 -0.110087749293 0.28452261981
93.43474779823859 0.548893449498 -1.18619809928 -0.0831834799546 0.384716651515
93.51481184947959 0.449846996872 -1.28423731815 -0.0489691048066 0.466742274825
93.59487590072058 0.343879699292 -1.35873761959 -0.0089858568484 0.528516858251
93.67493995196156 0.232950834775 -1.4079322107 0.0350782760135 0.568464255861
93.75500400320256 0.119136989823 -1.43066415949 0.0814306970345 0.585553430487
93.83506805444355 0.00458195721558 -1.42641471936 0.128218985072 0.57932381169
93.91513210568455 -0.108554958855 -1.39531595299 0.173577104803 0.549896595419
93.99519615692554 -0.218151026064 -1.33814749588 0.215671964417 0.497971842283
94.07526020816654 -0.322171272348 -1.25631741912 0.252749171725 0.424811338188
94.15532425940752 -0.418717526616 -1.15182774199 0.28317686691 0.332207710517
94.23538831064852 -0.506074087993 -1.02722541311 0.305486536188 0.222440532877
94.31545236188951 -0.582748974557 -0.885539865743 0.318409866943 0.0982204085118
94.39551641313051 -0.647509464549 -0.730209553114 0.320910492744 -0.0373768132382
94.4755804643715 -0.699412009017 -0.564996519742 0.312210696476 -0.180986532656
94.55564451561249 -0.737824003196 -0.393895448736 0.291810826006 -0.329036840921
94.63570856685348 -0.762438754317 -0.221035502323 0.259502616076 -0.477836413601
94.71577261809448 -0.773282196383 -0.0505793465333 0.215375120919 -0.623664924477
94.79583666933547 -0.770711485532 0.11337866836 0.159813376713 -0.76286421415
94.87590072057647 -0.755405502466 0.266912651796 0.0934898177132 -0.891927956993
94.95596477181745 -0.72834748405 0.406361179253 0.0173486450442 -1.00758762173
95.03602882305844 -0.690800214904 0.528416811928 -0.067416465924 -1.10689262219
95.11609287429944 -0.644274393547 0.630206949836 -0.159390769231 -1.18728270615
95.19615692554044 -0.590490914601 0.709364021027 -0.256972298902 -1.24665079373
95.27622097678143 -0.531338029821 0.764083246355 -0.358410304201 -1.28339468878
95.35628502802241 -0.468824455375 0.793166730929 -0.461847313651 -1.29645654507
95.43634907926341 -0.405029495146 0.796052585007 -0.56536386973 -1.28534892547
95.5164131305044 -0.342051518764 0.772828495394 -0.667024735402 -1.2501669358
95.5964771817454 -0.281955814243 0.72422943787 -0.764925659117 -1.1915861563
95.6765412329864 -0.226723493005 0.651619399332 -0.857239195748 -1.11084625305
95.75660528422738 -0.178202360212 0.556957822206 -0.94225876593 -1.00972090752
95.83666933546837 -0.138061064591 0.442751401551 -1.01843977685 -0.89047462872
95.91673338670937 -0.107747664599 0.311992486313 -1.0844367864 -0.755807568817
95.99679743795036 -0.0884536077615 0.168085585361 -1.13913581805 -0.608789685773
96.07686148919136 -0.0810840179176 0.0147637406187 -1.18168102497 -0.452785831376
96.15692554043234 -0.0862350042175 -0.144003168015 -1.21149506431 -0.291373613471
96.23698959167334 -0.104178657351 -0.304105570892 -1.22829258549 -0.128256374198
96.31705364291433 -0.134855743102 -0.461395479922 -1.23208682354 0.0328275246933
96.39711769415533 -0.177876815918 -0.611788074277 -1.22318865008 0.188195698805
96.47718174539632 -0.232531247054 -0.751362106503 -1.20219853467 0.334311682474
96.5572457966373 -0.297804243919 -0.876456139642 -1.16999134783 0.46787113757
96.6373098478783 -0.372401272173 -0.983758451254 -1.12769453249 0.585882391775
96.7173738991193 -0.454779419538 -1.0703885437 -1.07666005686 0.685739461039
96.79743795036029 -0.543184804761 -1.13396785585 -1.01843095136 0.765285402663
96.87750200160129 -0.635695202439 -1.17267833966 -0.954703172286 0.822864802192
96.95756605284227 -0.730266810515 -1.18530729957 -0.887283753177 0.857363959351
97.03763010408326 -0.824784028868 -1.17127735931 -0.818046257092 0.868237756367
97.11769415532426 -0.917110989361 -1.13066095515 -0.748884657807 0.855522670397
97.19775820656525 -1.00514363426 -1.06417887267 -0.681666727215 0.819835497625
97.27782225780625 -1.08686106157 -0.973182952695 -0.618188076416 0.762357901472
97.35788630904723 -1.16037484664 -0.859623296085 -0.560128006239 0.684807080131
97.43795036028823 -1.22397501741 -0.726000915248 -0.50900835153 0.589393402127
97.51801441152922 -1.27617198503 -0.575306800947 -0.466155944523 0.47876587728
97.59807846277022 -1.31573282986 -0.410949049798 -0.432670130003 0.355946936377
97.67814251401121 -1.34171145603 -0.23666975994 -0.409395768175 0.224258048559
97.7582065652522 -1.35347172651 -0.0564537644962 -0.396902520526 0.0872380296743
97.83827061649319 -1.35070303111 0.125568583556 -0.395470908993 -0.0514439761868
97.91833466773419 -1.33342792752 0.305222207646 -0.405085470649 -0.188078722022
97.99839871897518 -1.30200163341 0.478389159678 -0.425435206799 -0.319008028756
98.07846277021618 -1.25710341941 0.641109107718 -0.455921281811 -0.440714734419
98.15852682145717 -1.19972008368 0.789675950392 -0.49567180985 -0.549909175019
98.23859087269815 -1.13112193238 0.920728216601 -0.543563349688 -0.643610100486
98.31865492393915 -1.05283184088 1.03133102576 -0.598248592649 -0.719218033465
98.39871897518015 -0.966588227909 1.11904748697 -0.658189498727 -0.774579171155
98.47878302642114 -0.874302492642 1.1819985076 -0.721695388149 -0.808038908341
98.55884707766214 -0.77801268825 1.21890793502 -0.786964400485 -0.81848222692
98.63891112890312 -0.679833812812 1.22913348832 -0.852127980054 -0.805361361011
98.71897518014411 -0.581906378648 1.21268243109 -0.915296900339 -0.76870979845
98.79903923138511 -0.486344246675 1.17021103967 -0.974607943902 -0.709141771955
98.8791032826261 -0.395183269569 1.10300801555 -1.02826985544 -0.627837373093
98.9591673338671 -0.310331767611 1.01296307145 -1.07460765118 -0.526514390115
99.03923138510808 -0.233524236983 0.90251996495 -1.1121040311 -0.407386219531
99.11929543634908 -0.166279287157 0.774616477693 -1.13943700173 -0.27310808833
99.19935948759007 -0.109862952686 0.6326123138 -1.15551268379 -0.126712458724
99.27942353883107 -0.0652580665431 0.480206447746 -1.15949268955 0.0284650141457
99.35948759007206 -0.0331407636446 0.321346306263 -1.15081511287 0.188866836238
99.43955164131305 -0.0138643672409 0.160131128064 -1.12920890592 0.350800241511
99.51961569255404 -0.00745129725283 0.000710839615025 -1.09470107015 0.510527773293
99.59967974379504 -0.0135930774715 -0.152815268097 -1.04761659283 0.664358043011
99.67974379503603 -0.0316584136695 -0.296499491826 -0.988571154189 0.808736155845
99.75980784627703 -0.060709259399 -0.426642448625 -0.918456679833 0.940330356811
99.83987189751801 -0.0995243876567 -0.539883830692 -0.838420169872 1.05611332299
99.919935948759 -0.146629871422 -0.633285019802 -0.749836339507 1.15343616519
100.0 -0.200335852672 -0.704401068963 -0.654274626675 1.23009290721
