Estación:       RIO TOMATLAN,  JAL
Operada por:    SMN EMAS
Longitud:       105°08'00"  Latitud: 19°59'54"  Altitud: 141

DD/MM/AAAA HH:MM      DIRS      DIRR      VELS      VELR      TEMP        HR        PB      PREC   RADSOL
25/01/2018 23:00         0       236      0.00      0.00      26.2        71     995.9       0.0     126.2
26/01/2018 00:00         0       305      0.00      0.00      26.0        71     996.0       0.0      37.8
26/01/2018 01:00         0       343      0.00      0.00      25.2        74     996.4       0.0       0.0
26/01/2018 02:00         0       320      0.00      0.00      24.1        77     996.9       0.0       0.0
26/01/2018 03:00        44        53      3.34     18.90      23.8        78     997.5       0.0       0.0
26/01/2018 04:00        36        45      5.50     17.70      23.1        80     998.0       0.0       0.0
26/01/2018 05:00        14        30      5.63     16.40      22.9        81     997.9       0.0       0.0
26/01/2018 06:00       359       356      4.30     16.50      22.6        81     997.7       0.0       0.0
26/01/2018 07:00       325        25      1.02     15.30      22.5        81     997.3       0.0       0.0
26/01/2018 08:00         0        65      0.00      0.00      22.1        82     996.7       0.0       0.0
26/01/2018 09:00        34        44      5.98     15.80      21.7        82     996.0       0.0       0.0
26/01/2018 10:00       321       339      7.37     17.40      21.5        82     995.5       0.0       0.0
26/01/2018 11:00         1       294      0.02     10.90      21.4        80     995.4       0.0       0.0
26/01/2018 12:00       319       338      5.05     14.50      20.9        80     995.5       0.0       0.0
26/01/2018 13:00        50        57      4.89     16.50      20.5        80     996.1       0.0       1.3
26/01/2018 14:00        44        59      3.30     14.40      20.5        82     996.6       0.0     107.5
26/01/2018 15:00         0        48      0.00      0.00      21.3        81     997.1       0.0     335.2
26/01/2018 16:00         0        41      0.00      1.50      23.3        78     997.4       0.0     545.0
26/01/2018 17:00         0         1      0.00      0.00      25.8        71     997.2       0.0     709.0
26/01/2018 18:00         0        24      0.00      0.00      27.4        62     996.3       0.0     807.7
26/01/2018 19:00         0        17      0.00      0.00      29.2        56     995.4       0.0     832.3
26/01/2018 20:00         0        43      0.00      0.00      31.5        50     994.2       0.0     781.5
26/01/2018 21:00       163       161      4.88     25.60      32.9        40     993.3       0.0     666.3
26/01/2018 22:00       160       155     13.23     26.00      32.7        33     992.7       0.0     495.0
26/01/2018 23:00       175       170      7.80     21.90      31.3        33     992.8       0.0     141.5
27/01/2018 00:00         0       181      0.00      0.00      29.4        36     993.3       0.0      16.7
27/01/2018 01:00         0       200      0.00      0.00      27.9        40     993.8       0.0       0.0
27/01/2018 02:00         0       301      0.00      0.00      25.2        48     994.5       0.0       0.0
27/01/2018 03:00         0        65      0.00      1.60      24.7        52     995.0       0.0       0.0
27/01/2018 04:00       353       351      0.03      7.70      24.5        56     995.2       0.0       0.0
27/01/2018 05:00         0        31      0.00      0.00      23.1        62     995.1       0.0       0.0
27/01/2018 06:00         0        29      0.00      0.00      22.5        67     994.8       0.0       0.0
27/01/2018 07:00         0        19      0.00      0.00      22.0        70     994.3       0.0       0.0
27/01/2018 08:00         0       348      0.00      0.00      22.2        71     993.9       0.0       0.0
27/01/2018 09:00         0        24      0.00      0.00      21.9        72     993.4       0.0       0.0
27/01/2018 10:00         0        49      0.00      0.00      21.0        75     993.0       0.0       0.0
27/01/2018 11:00         0        37      0.00      0.00      20.4        77     992.9       0.0       0.0
27/01/2018 12:00         0       340      0.00      0.00      20.2        78     993.3       0.0       0.0
27/01/2018 13:00         0        51      0.00      0.00      19.7        80     993.8       0.0       1.3
27/01/2018 14:00         0        54      0.00      0.00      19.8        81     994.3       0.0     106.7
27/01/2018 15:00         0        55      0.00      0.00      20.9        80     995.0       0.0     335.5
27/01/2018 16:00         0       338      0.00      0.00      23.0        76     995.5       0.0     545.8
27/01/2018 17:00         0         7      0.00      0.00      24.4        73     995.4       0.0     712.0
27/01/2018 18:00         0        34      0.00      0.00      26.3        68     994.7       0.0     810.5
27/01/2018 19:00         0         2      0.00      0.00      28.7        63     993.6       0.0     835.0
27/01/2018 20:00       168       168      2.93     23.20      32.0        51     992.3       0.0     783.8
27/01/2018 21:00       167       162      7.93     28.30      32.8        38     991.5       0.0     674.8
27/01/2018 22:00       173       179      5.80     20.80      32.7        34     991.2       0.0     495.2
27/01/2018 23:00       178       185      6.85     20.30      31.1        35     991.2       0.0     145.5
28/01/2018 00:00       197       186      2.37     18.60      29.7        36     991.5       0.0      18.3
28/01/2018 01:00       180       192      5.97     15.80      28.2        38     992.1       0.0       0.0
28/01/2018 02:00       273       252      0.07      6.10      26.0        46     992.9       0.0       0.0
28/01/2018 03:00         0       319      0.00      0.00      25.0        51     993.6       0.0       0.0
28/01/2018 04:00         0       302      0.00      0.00      23.8        59     993.8       0.0       0.0
28/01/2018 05:00       332       347      1.74     12.60      23.2        65     994.2       0.0       0.0
28/01/2018 06:00        44        53      1.22     11.50      22.5        69     994.1       0.0       0.0
28/01/2018 07:00        43        28      3.46     14.10      22.0        72     994.1       0.0       0.0
28/01/2018 08:00        57        51      1.32     13.80      21.3        75     994.1       0.0       0.0
28/01/2018 09:00        36        56      0.03      3.30      20.8        77     993.9       0.0       0.0
28/01/2018 10:00        53        53      5.04     15.10      20.5        78     993.2       0.0       0.0
28/01/2018 11:00         9        35      1.17     13.20      20.1        80     993.0       0.0       0.0
28/01/2018 12:00        55        46      2.81     13.90      19.6        81     993.0       0.0       0.0
28/01/2018 13:00        47        55      5.95     14.40      19.5        83     993.8       0.0       1.3
28/01/2018 14:00        56        57      7.11     15.00      19.4        84     994.5       0.0     104.2
28/01/2018 15:00         0        56      0.00      0.00      20.6        82     995.2       0.0     322.7
28/01/2018 16:00         0         8      0.00      0.00      22.2        79     995.5       0.0     521.2
28/01/2018 17:00         0        32      0.00      0.00      24.0        74     995.3       0.0     674.3
28/01/2018 18:00         0        25      0.00      0.00      26.1        69     994.7       0.0     800.0
28/01/2018 19:00         0        51      0.00      0.00      28.0        64     993.7       0.0     823.8
28/01/2018 20:00       313       295      6.98     30.00      30.3        56     992.5       0.0     771.3
28/01/2018 21:00       181       301      2.74     25.60      31.2        52     992.1       0.0     653.3
28/01/2018 22:00       171       174      5.82     22.50      30.5        48     992.0       0.0     480.0
28/01/2018 23:00       169       174      0.02     15.90      29.5        45     992.0       0.0     155.2
29/01/2018 00:00         0       248      0.00      0.00      27.7        47     992.5       0.0      23.5
29/01/2018 01:00         0       129      0.00      0.00      26.1        50     993.2       0.0       0.0
29/01/2018 02:00       179       187      4.40     16.70      24.9        58     994.5       0.0       0.0
29/01/2018 03:00         0       159      0.00      0.00      23.2        66     995.1       0.0       0.0
29/01/2018 04:00         0       149      0.00      0.00      22.8        71     995.4       0.0       0.0
29/01/2018 05:00       357        37      0.13     11.20      21.9        75     995.6       0.0       0.0
29/01/2018 06:00        56        79      0.15      9.10      22.1        78     995.8       0.0       0.0
29/01/2018 07:00        55        50      9.08     16.30      21.8        80     995.5       0.0       0.0
29/01/2018 08:00        33        66      5.78     18.40      21.4        81     994.9       0.0       0.0
29/01/2018 09:00        25        35      2.07     13.80      21.5        82     994.4       0.0       0.0
29/01/2018 10:00        40        41      1.15     14.00      21.0        84     993.8       0.0       0.0
29/01/2018 11:00         0       309      0.00      0.00      20.7        85     993.6       0.0       0.0
29/01/2018 12:00         0        57      0.00      0.00      20.4        85     993.6       0.0       0.0
29/01/2018 13:00        59        74      7.48     15.70      20.2        86     994.0       0.0       0.5
29/01/2018 14:00        50        43      6.33     17.30      20.4        87     994.5       0.0      43.2
29/01/2018 15:00        31        36      0.07     11.90      20.8        86     995.1       0.0     147.3
29/01/2018 16:00         0       323      0.00      0.00      22.5        83     995.4       0.0     295.8
29/01/2018 17:00         0        32      0.00      4.60      24.6        79     995.1       0.0     451.2
29/01/2018 18:00         0       283      0.00      0.00      27.4        72     994.5       0.0     425.5
29/01/2018 19:00         0       342      0.00      4.20      28.8        65     993.6       0.0     430.8
29/01/2018 20:00         0       314      0.00      0.00      29.9        57     992.7       0.0     502.7
29/01/2018 21:00         0        76      0.00      0.00      30.1        50     992.1       0.0     437.5
29/01/2018 22:00         0        65      0.00      0.00      30.4        48     992.1       0.0     218.3
29/01/2018 23:00       188       199      1.47     14.60      29.2        51     992.4       0.0      89.3
30/01/2018 00:00       184       174      0.83     14.30      27.6        53     993.2       0.0      20.3
30/01/2018 01:00       162        98      0.02      3.80      26.5        57     993.9       0.0       0.0
30/01/2018 02:00         0       105      0.00      0.00      25.2        63     994.7       0.0       0.0
30/01/2018 03:00        41        58      1.89     16.00      24.9        68     995.2       0.0       0.0
30/01/2018 04:00        49        62      3.51     17.30      24.3        72     995.3       0.0       0.0
30/01/2018 05:00        52        72      5.51     21.00      25.2        71     994.7       0.0       0.0
30/01/2018 06:00        40        43      4.30     22.80      26.5        61     994.1       0.0       0.0
30/01/2018 07:00        11        18      0.85     15.90      26.0        56     993.9       0.0       0.0
30/01/2018 08:00       150       147      0.02      4.50      23.8        57     994.3       0.0       0.0
30/01/2018 09:00         0       145      0.00      0.00      22.7        58     994.2       0.0       0.0
30/01/2018 10:00        49        56      3.44     22.80      23.6        60     992.9       0.0       0.0
30/01/2018 11:00        43        31     10.34     22.20      24.5        59     992.4       0.0       0.0
30/01/2018 12:00        93        92      6.66     30.30      25.2        54     993.4       0.0       0.2
30/01/2018 13:00        30        71      9.93     26.00      25.7        46     994.1       0.0       0.5
30/01/2018 14:00        61        60      0.40     24.70      25.3        44     994.7       0.0      35.3
30/01/2018 15:00       190       207      4.07     23.80      25.3        41     995.8       0.0     102.5
30/01/2018 16:00        59        71      0.47     12.00      25.1        45     996.4       0.0     172.5
30/01/2018 17:00        37        75      0.05     11.30      24.7        54     996.4       0.0     187.3
30/01/2018 18:00         0        33      0.00      0.00      24.8        58     996.4       0.0     161.3
30/01/2018 19:00         0       351      0.00      0.00      24.9        61     996.8       0.0     128.5
30/01/2018 20:00       356       346      3.64     17.90      25.3        60     996.3       0.0     290.0
30/01/2018 21:00         0        51      0.00      1.70      26.4        58     994.9       0.0     471.7
30/01/2018 22:00         0        79      0.00      0.00      27.0        56     995.0       0.0     206.7
30/01/2018 23:00         0        69      0.00      0.00      26.7        54     995.2       0.0     104.2
31/01/2018 00:00         0       330      0.00      0.00      25.9        54     995.3       0.0      25.3
31/01/2018 01:00         0       324      0.00      0.00      24.7        58     995.6       0.0       0.0
31/01/2018 02:00         0       159      0.00      0.00      24.1        63     996.7       0.0       0.0
31/01/2018 03:00       336       340      3.12     21.90      23.9        66     996.8       0.0       0.0
31/01/2018 04:00        26        36      0.63     13.70      23.6        70     996.0       0.0       0.0
31/01/2018 05:00       177       180      0.97     13.80      22.4        73     995.8       0.0       0.0
31/01/2018 06:00         0       186      0.00     12.80      22.4        75     996.0       0.0       0.0
31/01/2018 07:00        56        51      4.55     16.40      22.1        77     996.0       0.0       0.0
31/01/2018 08:00        57        44      0.12     16.90      22.0        78     995.8       0.0       0.0
31/01/2018 09:00         0        53      0.00      0.00      21.7        80     995.3       0.0       0.0
31/01/2018 10:00       170       171      0.56     16.40      21.3        80     996.0       0.0       0.0
31/01/2018 11:00         0       188      0.00      0.00      21.2        81     997.3       0.0       0.0
31/01/2018 12:00       104        86      1.40     17.40      20.5        82     998.7       0.8       0.0
31/01/2018 13:00        66        94      0.22     10.30      19.8        84     999.2       0.5       0.2
31/01/2018 14:00        53        58     17.47     35.70      19.9        84     998.3       0.0      44.5
31/01/2018 15:00        54        49     13.64     27.60      20.6        83     998.2       0.0     160.5
31/01/2018 16:00       129       111      4.12     26.70      22.6        76     998.2       0.0     375.3
31/01/2018 17:00        62        41      3.49     16.20      23.7        71     998.0       0.0     411.7
31/01/2018 18:00        71        74      0.17      9.70      23.9        70     997.3       0.0     216.7
31/01/2018 19:00         0        60      0.00     12.90      25.4        67     995.8       0.0     331.5
31/01/2018 20:00         0       103      0.00      0.00      26.4        64     994.9       0.0     265.7
31/01/2018 21:00         0       355      0.00      1.70      26.4        62     994.6       0.0     157.0
31/01/2018 22:00         0       154      0.00      0.00      26.6        65     994.5       0.0     207.8
31/01/2018 23:00         0       351      0.00      0.00      26.1        68     994.7       0.0     110.5
01/02/2018 00:00       186       186      4.36     18.60      25.6        68     995.7       0.0      15.8
01/02/2018 01:00       172       170      2.73     22.20      24.5        66     996.7       0.0       0.0
01/02/2018 02:00       169       172      1.93     14.60      23.4        69     997.4       0.0       0.0
01/02/2018 03:00        76       165      1.40     13.00      23.4        70     998.0       0.0       0.0
01/02/2018 04:00       157        59      1.69     13.10      23.8        68     998.2       0.0       0.0
01/02/2018 05:00        68        61      5.98     17.80      24.0        66     998.2       0.0       0.0
01/02/2018 06:00        57        74     10.33     20.20      23.3        71     998.1       0.0       0.0
01/02/2018 07:00        59        56      5.45     16.30      23.3        74     997.9       0.0       0.0
01/02/2018 08:00        49        42      3.45     18.00      23.2        74     997.7       0.0       0.0
01/02/2018 09:00        59        62      0.08      9.10      22.9        75     997.5       0.0       0.0
01/02/2018 10:00         0        56      0.00      2.70      22.5        76     996.9       0.0       0.0
01/02/2018 11:00         0        40      0.00      0.00      21.8        77     996.8       0.0       0.0
01/02/2018 12:00        58        69      0.55     12.40      21.8        78     996.8       0.0       0.0
01/02/2018 13:00        56        64      4.87     15.50      21.5        79     997.5       0.0       1.3
01/02/2018 14:00        51        59     14.10     20.10      21.3        82     997.5       0.0      67.7
01/02/2018 15:00        42        36      0.85     18.10      22.2        81     997.9       0.0     184.2
01/02/2018 16:00         0       208      0.00      0.00      24.3        76     998.2       0.0     223.3
01/02/2018 17:00         0        29      0.00      0.00      24.8        73     998.4       0.0     387.0
01/02/2018 18:00         0       333      0.00      0.00      25.7        70     998.0       0.0     381.5
01/02/2018 19:00         0       351      0.00      0.00      26.2        68     997.6       0.0     146.7
01/02/2018 20:00         0       300      0.00      0.00      26.2        67     997.6       0.0     135.2
