0.0 1.0 0.0 -0.5 0.0 0.0 1.25
0.20080321285140562 1.0498067401 0.493591712314 -0.438615281539 0.610437593355 0.0936075616499 1.22845775809
0.40160642570281124 1.19615962442 0.956046659947 -0.255629712417 1.20909332761 0.418929331422 1.1516187679
0.6024096385542169 1.429170069 1.34945299161 0.0452862295275 1.78256309424 1.17025108916 0.965615537616
0.8032128514056225 1.73008454979 1.62237152194 0.457454923055 2.31395341638 3.10650679443 0.457095391696
1.0040160642570282 2.0680957898 1.70620254019 0.970276844655 2.78073135196 12.7569371557 2.22713233145
1.2048192771084338 2.39737428754 1.52262311072 1.56789377204 3.15280292834 19.0684347265 6.90841956249
1.4056224899598393 2.65747695785 1.01064880905 2.22757365704 3.39181064936 7.56055727144 3.74962394503
1.606425702811245 2.78083246469 0.166295230218 2.9180467068 3.45077786719 5.31132011783 3.26202650313
1.8072289156626506 2.7063102206 -0.945940267993 3.59720440815 3.26587298097 4.24778656693 3.15846506923
2.0080321285140563 2.38754245841 -2.26328793084 4.20602046263 2.72445472251 3.50056523681 3.202563669
2.208835341365462 1.77850010358 -3.8723900611 4.65309446421 1.60564790404 2.77878277038 3.32691700306
2.4096385542168677 0.788548689241 -6.14727913698 4.78686701037 -0.475221848771 1.81732639336 3.48078070668
2.610441767068273 -0.779696605164 -9.75764238188 4.36061940297 -4.07956369106 0.0853535578586 3.55767756076
2.8112449799196786 -3.25211416092 -15.0949812407 2.999316526 -9.91098475515 3.84061849703 3.23217057209
3.0120481927710845 -6.75036643985 -18.5803553266 0.199971534923 -18.3386789008 14.4328037301 1.22858917938
3.21285140562249 -9.57744862633 -5.40444802636 -4.3428421133 -26.149848842 56.031891956 11.930400979
3.4136546184738954 -7.95118837176 20.2100368875 -9.83256250621 -27.633738213 70.1451412961 43.7529755307
3.6144578313253013 -2.18432311532 41.0306842387 -14.6724293228 -13.8972627031 6.61947932477 19.8734470293
3.8152610441767068 15.3972810879 157.097679457 -7.69905331008 119.455809332 23.3905014617 7.09795229239
4.016064257028113 16.5447656733 -251.050898517 36.3673437384 246.88897392 19.0959071771 21.0865855242
4.216867469879518 103.886981256 11285.1421044 -100.22719185 7085.34879294 108.429539075 53.7872466517
4.417670682730924 -169929.670185 -51839324223.8 281126.482943 -26214037263.7 170038.744557 140651.63895
4.618473895582329 1.46923551122e+195 6.518800896e+265 6.01334643745e-154 5.02801620651e+223 1.51572909518e+195 1.0
4.819277108433735 5.8184870268e+180 7.3527456915e+223 4.82406570822e+228 5.59121958113e+252 6.75279590342e+180 2.799347236e+228
5.020080321285141 6.01346952924e-154 3.54557149445e+246 1.91570882907e+227 1.84584476329e-258 1.0 1.39845811738e+227
5.220883534136546 6.013470017e-154 3.03107511445e-152 1.27734657695e-152 9.75019444534e+199 1.0 1.0
5.421686746987952 9.76515889947e+199 4.82406570822e+228 1.14359088913e+243 1.13337589635e-153 5.26484915551e+200 3.08281390443e+243
5.622489959839357 4.71983708071e+164 6.01347001699e-154 2.6451987327e+185 6.01347001508e-154 4.85250962439e+165 1.35977705261e+186
5.823293172690763 2.47379807957e-91 1.11002107332e+195 2.39356359883e+180 6.01347001699e-154 1.0 3.21526347924e+180
6.024096385542169 1.08613914923e-153 9.11921854129e-119 6.01347001699e-154 2.60985692507e+180 1.0 1.0
6.224899598393574 8.7842204286e+247 1.11002107332e+195 2.39356359883e+180 7.36093930873e+223 1.08041594016e+248 1.47198279403e+180
6.42570281124498 2.91995262565e+257 2.21208738048e+214 3.29978353475e+180 6.0133465945e-154 3.09448776192e+257 1.74851120453e+180
6.626506024096385 7.36496312244e+271 3.62479400477e+228 1.94208186502e+227 1.68529549789e+262 7.37550928358e+271 9.72431401676e+226
6.827309236947791 1.2782627126e-152 5.28964690944e+180 3.44053186969e-85 1.38519249357e+219 1.0 1.0
7.028112449799197 1.78935395034e+161 5.98189629249e-154 1.46914166272e+195 2.00052263904e+161 2.0554252949e+161 8.43799220043e+194
7.228915662650603 5.04496164004e+223 1.08618996216e-153 6.08532839575e+247 2.58562688848e+161 7.22964554267e+223 4.36026777318e+247
7.429718875502008 1.46922549614e+195 8.91640661084e+252 1.34451291672e+161 6.01347001699e-154 3.13145693555e+195 1.43282440615e+161
7.6305220883534135 1.3826711482e-94 6.96414238957e+252 1.27734657673e-152 2.64519872257e+185 1.0 1.0
7.831325301204819 4.90922779488e+252 2.51313103512e+180 3.09540935853e+169 1.23542248886e-259 6.17449581661e+253 1.9465986234e+170
8.032128514056225 2.11783049781e+214 3.9946110892e+252 9.08367228728e+223 6.01347001511e-154 5.95542148029e+214 1.2771819349e+224
8.23293172690763 2.11756865082e+214 3.68728102128e+180 4.19334285125e+228 1.14490461843e+243 3.51036185807e+214 3.47571985379e+228
8.433734939759036 2.31594540266e+251 1.07275859582e+200 1.14914795015e+248 5.98186783962e-154 2.88579632384e+251 7.15951016439e+247
8.634538152610443 1.7296598026e+156 1.89348226205e+232 7.13464404476e+159 7.62828326622e+228 1.84488038952e+156 3.80495773348e+159
8.835341365461847 1.33733641137e+160 3.78402144622e+180 2.88699155919e+214 6.18055944498e+223 1.34074398458e+160 1.44717385006e+214
9.036144578313253 2.11656914552e-110 6.01346952906e-154 1.1419944358e+243 1.13362311459e+161 1.0 5.84157498961e+242
9.236947791164658 6.01099941392e+175 7.19503488812e+159 7.20358919192e+159 1.28014463535e-152 6.83700920859e+175 4.09674017985e+159
9.437751004016064 1.99613098259e+161 2.117763997e+214 2.46088404115e-154 5.37625006824e+241 2.80957658726e+161 1.0
9.63855421686747 2.50480100221e+262 5.98129759234e-154 1.06757999618e+224 4.46811729985e-91 5.16612479641e+262 1.1009360595e+224
9.839357429718875 5.98149672267e-154 1.94862284304e-153 6.84976763285e+180 2.46635953543e-154 1.0 1.55401097823e+181
10.040160642570282 1.72219190033e+97 1.12320039365e+219 1.81596890521e-152 5.48603550977e+241 2.79009777007e+98 1.0
10.240963855421686 6.96413190169e+252 1.02189772642e-152 4.61559563091e+281 4.38138570334e+156 2.05494761705e+253 6.80975559979e+281
10.441767068273093 6.5593609101e-85 6.013470017e-154 2.87466714104e+161 8.82894585662e+199 1.0 2.44062688423e+161
10.642570281124499 9.13611906046e+242 1.76663643208e+156 2.11750098998e+214 9.13607867872e+242 1.15388640322e+243 1.33719557778e+214
10.843373493975903 5.72480604764e+247 1.76457259295e+156 6.01347001511e-154 3.68727138876e+180 6.14780243908e+247 1.0
11.04417670682731 1.39504148082e-152 9.75012840268e+199 1.46921995175e+195 7.03543103352e+199 1.0 7.37538173157e+194
11.244979919678714 5.83553020844e+252 2.51415399366e+180 3.03387758293e-152 6.01346953392e-154 5.94807559047e+252 1.0
11.44578313253012 3.80931581792e+180 9.77134958092e-153 2.609862823e+180 2.3145955548e-152 4.29199383303e+180 1.4702791363e+180
11.646586345381525 1.49490175728e+248 3.17095857378e+180 2.13781538676e+161 1.24003789268e+180 2.06790557631e+248 1.478625715e+161
11.847389558232932 6.01347001699e-154 1.12320031015e+219 2.88854881368e+214 7.22594634503e+159 1.0 2.88644016203e+214
12.048192771084338 3.16053311712e+233 1.338568615e-152 3.9239297611e+252 7.50055275916e+247 1.32938837914e+234 8.25244734302e+252
12.248995983935743 2.00294218711e+233 2.45907029797e-154 6.4994875202e+265 5.38968808207e+228 4.56017174952e+234 7.39881050155e+266
12.449799196787149 6.01099880028e+175 1.14511379748e+243 1.89097651468e+219 4.2234568086e+252 1.86636355773e+176 2.93565992339e+219
12.650602409638553 5.02065931709e+276 2.1167119696e+214 1.05923461344e-153 6.01334657099e-154 8.74041657797e+276 1.0
12.85140562248996 7.47318861008e+252 7.45403719058e+247 7.3620881868e+228 7.33956123193e+223 9.57175135844e+252 4.71472628885e+228
13.052208835341366 1.729773197e+156 3.92386676527e+252 3.45126301341e-85 1.42731837673e+228 1.87093666901e+156 1.0
13.25301204819277 6.01346953522e-154 5.98149672267e-154 1.14156408002e+243 1.33103503464e+179 1.0 5.74063078981e+242
13.453815261044177 9.08367237328e+223 8.76418370159e+252 7.68526253255e+170 3.99195779638e+252 9.22786491213e+223 3.90362848583e+170
13.654618473895582 5.02620538992e+180 6.21452775691e+175 8.78422019834e+247 5.04620551077e+180 5.61203298383e+180 4.90403094044e+247
13.855421686746988 2.1999303302e-152 1.94530983291e+227 4.00444532404e+252 1.44872906189e+166 1.0 2.72370969545e+252
14.056224899598394 9.80923056819e+251 2.267254718e+161 4.72176357059e+257 1.27276404196e+232 1.90204407325e+252 4.57783225314e+257
14.257028112449799 4.8240655506e+228 1.46914166272e+195 8.81950740034e+199 2.8763097316e+161 1.89163239737e+229 1.7291707329e+200
14.457831325301205 7.07377193392e+194 1.43485043592e+161 9.81676356552e+252 4.54328511399e+217 2.70964199209e+196 1.88017899305e+254
14.65863453815261 1.10639070463e+200 1.14199224509e+243 1.43485043592e+161 3.52337924361e+246 3.62582259938e+200 2.35111932678e+161
14.859437751004016 1.06400250314e+248 1.50761589191e+161 8.82833266459e+199 4.887203854e+199 1.90090352127e+248 7.88616972213e+199
15.060240963855422 3.67289389665e+194 1.27966000978e-152 1.69338057036e-152 5.59647354856e+199 4.77314338438e+194 1.0
15.261044176706827 9.35695075136e-153 6.01346953514e-154 1.69375774119e+190 3.09905743832e+169 1.0 9.22918840527e+189
15.461847389558233 5.28555915538e+180 7.08519662927e+194 7.24967438024e+228 1.24124663617e+214 5.32698556588e+180 3.65324742809e+228
15.662650602409638 4.78108711185e+180 7.13147296151e+252 3.67289404885e+194 6.65853355831e+164 4.84230887764e+180 1.85996270757e+194
15.863453815261044 9.42175420501e-119 1.19489004981e+190 5.70145006458e+188 9.31115224344e+242 1.0 3.15555159475e+188
16.06425702811245 7.52007159732e+199 4.53580003422e+217 8.92361345983e+252 1.80704541462e-152 1.00659852924e+200 5.97234751554e+252
16.265060240963855 6.01334668248e-154 1.19489004981e+190 3.77692808215e+180 2.6452169069e+185 1.0 3.55702056454e+180
16.46586345381526 3.9046443981e+233 1.81596890521e-152 6.01124623074e+175 4.62177629064e+228 1.43438061233e+234 1.10412295849e+176
16.666666666666668 3.15474909574e+180 2.90466681658e+180 5.98181658332e-154 5.04620679821e+180 3.80960357746e+182 1.0
16.867469879518072 9.81800103503e+252 1.2773465767e-152 9.45439122512e+218 3.17097386199e+180 3.40764497942e+253 1.64072139923e+219
17.068273092369477 9.81809160137e-153 8.88769770578e+252 1.05019507372e-153 7.47612943022e+165 1.0 1.0
17.269076305220885 6.01334510352e-154 3.71190526126e-27 3.0287635878e-86 2.13231572773e-259 1.0 1.0
17.46987951807229 6.013470017e-154 2.96666289341e+151 2.87630972943e+161 2.05123532075e-115 1.0 1.57973450685e+161
17.670682730923694 9.75019444534e+199 1.41157652847e-75 4.93553305053e+257 7.31651551354e+242 9.85020651697e+199 2.49307950173e+257
17.8714859437751 2.65862876724e-260 2.14720666734e+243 4.44391790215e+252 1.46923443216e+195 1.0 2.24434452649e+252
18.072289156626507 8.90389806613e+252 1.13337591177e-153 1.69375779757e+190 1.02188778015e-152 9.77483088454e+252 9.2971617081e+189
18.27309236947791 7.87380055628e+276 1.81364726046e-152 5.98183402581e-154 3.80985847097e+180 1.03765254295e+277 1.0
18.473895582329316 1.27734657688e-152 8.78417752312e+247 6.96413905679e+252 5.29281590731e+199 1.0 6.37818403077e+252
18.674698795180724 7.2748028888e+223 4.18127215566e-109 2.26725486072e+161 1.28625507239e+248 2.51437491306e+224 3.91813278687e+161
18.87550200803213 5.9818623725e-154 1.93965276772e+227 1.66041813653e+243 3.09905749416e+169 1.0 8.6964994165e+244
19.076305220883533 5.28555915538e+180 6.98109892261e+194 1.33856858282e-152 2.19527310629e-152 1.95038908189e+181 1.0
19.27710843373494 1.099191736e+155 2.35512143153e+251 1.91002771521e+227 1.69337694261e-152 2.07457714823e+155 1.80246071757e+227
19.477911646586346 3.98475595495e+252 3.44803835258e+175 7.20881795783e+159 1.78743824274e+161 5.33980853538e+252 4.83012110358e+159
19.67871485943775 8.82893879237e+199 2.08509529049e-115 7.34034972822e+223 6.01334657132e-154 9.77889431004e+199 4.06506975974e+223
19.879518072289155 1.00515873951e+165 7.10699738028e+159 1.75629760581e-152 2.45883928037e+198 1.0182374699e+165 1.0
20.080321285140563 2.84845442462e-110 3.94153469578e+180 6.0342523963e-154 2.31647114125e-152 1.0 1.0
20.281124497991968 2.45883928037e+198 3.64709873284e+180 1.81270496979e-152 6.4751471293e+170 2.67814878893e+198 1.0
20.481927710843372 9.75020870141e+199 1.06399912729e+248 3.17095868197e+180 2.26724832477e+161 1.26576898759e+200 2.05826422975e+180
20.68273092369478 2.19529485043e-152 2.6428013639e+180 2.46381454862e-154 6.0501658743e-95 1.0 1.0
20.883534136546185 1.12171318822e+200 8.78422035917e+247 1.21696629564e-152 3.17095862789e+180 3.66157878314e+200 1.0
21.08433734939759 2.13780891352e+161 5.02423203716e+175 3.67285431204e+194 1.84584473998e-258 7.81050110048e+162 6.70940056071e+195
21.285140562248998 2.5841503764e+161 8.78420961383e+247 2.32391675925e-152 8.70650539817e+183 1.0181939545e+162 1.0
21.485943775100402 1.5676596256e+155 1.2761759145e-152 1.78881623852e+161 5.02423203716e+175 3.04615320598e+155 1.73794369354e+161
21.686746987951807 4.73669336759e+164 6.01334670497e-154 5.81918073731e+252 2.3163400328e-152 6.45106201572e+164 3.96266898697e+252
21.88755020080321 4.2443835088e+175 3.17095857263e+180 2.45532626364e+198 1.14449271952e+243 4.74207052346e+175 1.37161619304e+198
22.08835341365462 1.46922882919e+195 7.34629039662e+223 4.887203854e+199 6.01334637225e-154 1.49289024455e+195 2.48295527961e+199
22.289156626506024 5.75680562805e+252 2.45942335255e+198 2.51312309736e+180 2.43567339086e-152 5.78911559489e+252 1.26361397751e+180
22.48995983935743 1.8765705865e-152 2.3551002994e+251 1.27734657683e-152 5.8181625915e+180 1.0 1.0
22.690763052208837 6.01334652714e-154 1.43485043592e+161 1.15314138646e+214 1.9991378919e+161 1.0 7.37732236247e+213
22.89156626506024 3.98837334515e+252 1.90705491002e+228 5.8184870268e+180 6.98117160977e+194 6.93082693952e+252 5.05556064374e+180
23.092369477911646 2.64521684101e+185 1.69374418727e+190 1.29591548188e+161 4.41619782558e+257 8.18273937552e+185 2.00439874655e+161
23.29317269076305 5.77114958186e+199 6.2068487336e+228 2.45906606917e-154 5.55603592198e+180 1.27717764711e+201 1.0
23.49397590361446 1.45913392561e-152 1.10258169031e+155 9.08367202909e+223 2.9836124795e+174 1.0 1.92032429327e+224
23.694779116465863 1.69375605487e+190 6.92440760616e+212 4.76558768766e+180 3.99370558506e+252 3.39247057153e+190 4.77256330389e+180
23.895582329317268 6.01334626059e-154 6.24023060039e-85 1.69600340744e+161 1.7953779139e+185 1.0 1.1744667785e+161
24.096385542168676 1.33856863617e-152 1.69375265553e+190 1.50781890695e+161 4.87511791004e+199 1.0 8.49996306243e+160
24.29718875502008 2.44138682606e-152 1.52394768437e-258 2.99489129425e+262 3.44056367289e-85 1.0 1.52670822337e+262
24.497991967871485 3.0287635878e-86 9.08366790858e+223 1.95618064932e-153 2.66133467479e-260 1.0 1.0
24.698795180722893 7.70858945781e+218 6.01334668213e-154 4.47593815954e-91 9.11774683211e+179 8.27407213959e+218 1.0
24.899598393574298 9.07652405406e+223 1.46923330203e+195 3.68068683756e+180 7.35274570919e+223 1.14524243947e+224 2.32207767404e+180
25.100401606425702 1.39806877256e-152 5.04032498733e+180 8.72101284396e+183 4.89584248343e-85 1.0 7.39141408835e+183
25.301204819277107 5.98189637983e-154 9.75394659536e+199 1.10872381057e+219 8.68814438212e-320 1.0 1.63006311788e+219
25.502008032128515 6.92832631448e-310 6.92832631448e-310 4.65839518009e-310 4.65839518009e-310 1.0 1.0
25.70281124497992 1.87725413019e-09 1.75631032264e-152 3.87279246347e+233 2.45129534718e+198 0.999999991434 8.8357223869e+233
25.903614457831324 6.87064184566e+228 2.15778981603e+185 1.7893592759e+161 9.81676365482e+252 1.42030571708e+229 1.84949038719e+161
26.104417670682732 6.01346953479e-154 1.23971576389e+224 1.05171090854e-76 7.56406319034e-96 1.0 1.0
26.305220883534137 7.56406319034e-96 7.56406319034e-96 7.56406319034e-96 6.0133461879e-154 1.0 1.0
26.50602409638554 7.4973673618e+247 4.81418925373e+199 9.77443734303e+199 4.26958493013e+257 7.67226851916e+247 5.00122938497e+199
26.70682730923695 1.09933709923e+248 1.23971576365e+224 6.0134695288e-154 5.82471374058e+257 1.10203950548e+248 1.0
26.907630522088354 4.70079908376e+180 1.23763687381e+224 9.15211129989e+242 7.06764523953e-96 5.01159179345e+180 4.87860096401e+242
27.10843373493976 7.06743455294e-96 7.19081964149e+140 1.03140568562e-71 1.39872197115e-76 1.0 1.0
27.309236947791163 8.3185830406e-72 6.01346952609e-154 7.34483871204e+223 6.96716585824e+199 1.0 6.07772392567e+223
27.51004016064257 2.64520914191e+185 1.97813991662e+209 9.19596580767e+170 6.01334657186e-154 7.4137786215e+185 1.28868552639e+171
27.710843373493976 3.48410113958e-81 6.55703446902e+199 1.66333213996e+243 3.35475936896e+97 1.0 1.02967750498e+244
27.91164658634538 9.19596694105e+170 4.24002225447e+228 7.03543103353e+199 2.55682679285e-86 4.55861691566e+171 1.743798946e+200
28.11244979919679 7.01413727274e-09 3.58936365302e+246 7.53056674415e+252 1.10871442987e+219 1.00000001499 8.04436344206e+252
28.313253012048193 2.15779018082e+185 1.7893592759e+161 9.81676365482e+252 6.01346953479e-154 3.09622986575e+185 7.04307515237e+252
28.514056224899598 6.22651683516e+228 9.1001685536e+276 2.46490520105e-154 2.00871082835e+174 7.15750600977e+228 1.0
28.714859437751002 3.685221754e+180 5.98157061368e-154 6.01354999307e-154 2.87645191627e-14 3.78645857702e+180 1.0
28.91566265060241 9.7427431199e-154 8.30294518775e-114 6.37272257275e+270 2.9979112158e-67 1.0 3.19071034894e+270
29.116465863453815 8.7091945566e-153 2.43895058991e-154 6.0339438923e-154 1.37263966916e-153 1.0 1.0
29.31726907630522 9.74276019069e-154 7.89202744296e-114 5.28595556025e-85 9.48915974247e-76 1.0 1.0
29.518072289156628 5.28595557943e-85 8.81865195912e-106 8.94477758126e-106 1.02280214322e-259 1.0 1.0
29.718875502008032 1.12547820929e-153 6.12501441163e+257 1.12577185573e-153 6.05984819871e+233 1.0 1.0
29.919678714859437 2.47923181714e-91 6.68810367618e-114 1.01156090378e-153 3.74165033271e+233 1.0 1.0
30.120481927710845 1.8772541302e-09 6.02669609852e+175 1.52209985315e-52 3.701099619e-91 0.999999989811 1.0
30.32128514056225 2.45788779984e-154 5.41547368021e+241 2.17237423421e-153 6.20198208304e+223 1.0 1.0
30.522088353413654 8.48881237069e+228 1.07338580365e+160 4.65690912791e+164 2.43905613931e-154 1.24102995819e+229 3.40410618585e+164
30.72289156626506 5.41547368021e+241 1.81135661051e-94 6.57075017975e-85 6.01346953479e-154 6.28976165053e+241 1.0
30.923694779116467 1.35717430137e+131 3.24245676334e-86 3.21493640304e-57 2.52904009383e-52 1.40057226125e+131 1.0
31.12449799196787 5.20269148746e-90 6.01334434301e-154 6.20198208296e+223 6.01346953522e-154 1.0 3.10282567675e+223
31.325301204819276 4.47593815954e-91 1.62122830891e-86 2.19103904891e+252 7.17049684446e+159 1.0 1.15348524948e+252
31.526104417670684 2.51718698319e+180 2.14716705548e+185 1.7893592759e+161 9.81676365138e+252 3.05480904303e+180 1.08576576428e+161
31.72690763052209 1.0218337654e-152 7.20361591067e+159 6.01347001511e-154 4.48822018401e+184 1.0 1.0
31.927710843373493 2.4381297854e-152 9.78381042282e+199 3.89279448534e+213 7.47319069277e+252 1.0 4.99241015704e+213
32.1285140562249 4.82406570822e+228 2.31468986581e+15 4.72353679601e+257 7.47723100179e+247 4.14974388223e+229 2.03163359574e+258
32.329317269076306 6.01347001699e-154 4.69813686863e+257 1.33856860769e-152 1.45087835616e+73 1.0 1.0
32.53012048192771 4.00444532404e+252 4.85178291341e-33 1.96567375482e-62 4.08291557639e-33 9.17892005139e+252 1.0
32.730923694779115 3.0287635878e-86 9.35082841622e+252 2.12506563368e-70 2.35761165934e+180 1.0 1.0
32.93172690763052 2.4697887367e+179 1.67793313905e+243 6.93401179757e+193 6.01346953462e-154 2.89951223741e+179 4.07023721556e+193
33.13253012048193 3.73300371384e+193 6.12605947504e+223 4.24203466488e+175 1.26576301104e+266 3.87057630767e+193 2.19918330235e+175
33.333333333333336 1.90455008286e+185 1.17234090365e+214 9.78756978845e+199 1.34104862566e-110 1.90481133029e+185 4.89445617548e+199
33.53413654618474 -5.25401656334e+127 1.19489004981e+190 5.83551727044e+252 1.14914323556e+248 5.5005714161e+127 3.05468008227e+252
33.734939759036145 2.11773467254e+214 9.7502528442e+199 3.67591095551e+228 4.82406557266e+228 2.53931930647e+214 2.20384351714e+228
33.93574297188755 -2.76130814438e+127 -3.31025723094e+127 5.24866599127e+170 -4.45436612751e+127 4.27464469405e+127 4.06260023461e+170
34.136546184738954 2.29046322281e+159 1.28442813497e+20 6.96412840509e+252 4.2695846442e+257 5.63840374693e+159 8.5717524958e+252
34.33734939759036 2.79806268035e+262 2.79811011506e+262 1.23760015901e+224 6.02669609735e+175 2.08908561625e+263 4.6200764354e+224
34.53815261044177 1.21572612246e-224 3.9140875488e-313 2.8432706483e-308 1.33360299312e+241 1.0 1.0
34.738955823293175 1.27362187374e-310 2.71115984913e-181 5.18728502338e-313 3.95580757755e-308 1.0 1.0
34.93975903614458 2.79811011798e+262 1.81685334488e-310 2.43624408074e+232 1.03321484854e-47 4.25519768787e+262 1.85244678414e+232
35.140562248995984 2.27438781454e+161 6.87191365859e+246 7.53057373607e+252 3.08521349455e+175 2.70014648693e+161 4.47013743391e+252
35.34136546184739 6.96412840509e+252 4.26958493059e+257 2.71395746138e+243 4.03179200333e-313 7.25737731454e+252 1.41411905174e+243
35.54216867469879 2.75909158455e-306 5.08162503098e-299 7.4233933873e-251 1.25220937938e-319 1.0 1.0
35.7429718875502 1.94693962619e-308 -1.60601537591e+272 5.36446301032e+173 5.9827937132e+173 1.0 2.79311216777e+173
35.94377510040161 6.61321054907e+173 6.29197661716e+173 6.30404283e+173 2.83516787802e+183 7.83851469989e+173 3.73603199422e+173
36.144578313253014 8.46821686527e+173 6.64200470335e+178 1.07532303029e+174 9.398168382e+173 1.28407614249e+174 8.15281818257e+173
36.34538152610442 7.52860931353e+173 7.83776759806e+173 5.33917243805e+178 -3.23251575219e-294 1.78212783666e+174 6.31928649124e+178
36.54618473895582 1.81730952101e+174 9.07442430273e+173 9.38358260784e+173 9.69274560983e+173 1.19889453304e+175 3.09521459025e+174
36.74698795180723 1.01106011647e+174 1.07289271687e+174 1.13472531726e+174 1.19655791766e+174 7.69284643716e+174 4.31688851725e+174
36.94779116465863 1.25839051806e+174 1.32022311846e+174 1.38205571885e+174 1.44388831925e+174 3.11551089885e+174 1.71083999487e+174
37.14859437751004 1.50572091965e+174 1.56755352004e+174 1.62938612044e+174 1.69121872084e+174 2.33793212748e+174 1.26497351181e+174
37.34939759036145 1.75305132124e+174 4.09500659731e-308 4.27204763397e+96 6.09114651005e+247 2.10556993906e+174 2.56555383386e+96
37.55020080321285 9.45320603655e+218 3.17095867442e+180 4.77092983907e+180 2.07891606543e+262 9.90461703157e+218 2.49937601898e+180
37.75100401606426 1.81596890548e-152 2.6876201408e-260 2.58408172842e+161 2.46600380515e-154 1.0 1.29227640787e+161
37.95180722891566 4.47593815907e-91 5.98149672267e-154 1.03425371069e-28 1.23755836178e+214 1.0 1.0
38.15261044176707 6.01347001699e-154 1.43396508956e+166 1.28059988462e-152 9.08367206316e+223 1.0 1.0
38.35341365461847 4.5217395974e+217 4.24976376352e+175 2.44048944999e-152 1.46922886277e+195 6.72102437076e+217 1.0
38.55421686746988 2.46381879964e-154 1.08103737663e+155 1.14782398061e+160 1.05820680989e-153 1.0 1.30868366849e+160
38.75502008032129 1.72977326056e+156 2.35566767528e+251 1.88892019455e+219 2.35287090799e+251 1.02245254519e+157 5.58261393157e+219
38.95582329317269 1.75700681076e-152 7.6209625871e-320 6.92832631448e-310 6.92832631448e-310 1.0 1.0
39.1566265060241 4.6583951802e-310 4.6583951802e-310 1.27827553003e-152 7.23795290609e+159 1.0 1.0
39.3574297188755 2.13945865615e+161 1.21698453281e-152 5.28964690944e+180 2.64480772358e+180 3.39435027824e+161 4.19613494453e+180
39.558232931726906 6.0133465945e-154 1.38496744045e+219 3.0338648296e-152 3.03107511445e-152 1.0 1.0
39.75903614457831 9.19596580627e+170 5.98150386348e-154 7.14276337822e+247 5.56111703138e+180 9.69065388949e+170 3.76350071168e+247
39.95983935742972 6.01346953401e-154 1.23968752335e+224 1.01151720835e+261 7.48952650966e+247 1.0 5.06103514993e+260
40.16064257028113 6.97462259244e+199 1.70750020178e+155 2.32066814587e-152 7.07377193384e+194 7.19303047513e+199 1.0
40.36144578313253 6.96411092561e+252 5.22935975286e+156 6.01347001509e-154 7.34514289432e+223 8.07636587249e+252 1.0
40.562248995983936 1.27734657673e-152 4.9526956544e+223 2.19528764535e-152 8.73761897947e+183 1.0 1.0
40.76305220883534 1.94208380426e+227 7.36775281614e+223 3.81996749008e+180 5.98182253355e-154 4.27307860804e+227 4.20245030864e+180
40.963855421686745 1.37037767935e+185 1.43914545452e+252 5.224112398e+257 1.87673447768e-152 7.33914164278e+185 1.39890270487e+258
41.16465863453815 1.102557768e+214 6.0266960989e+175 3.64715633764e+180 1.23478406456e-259 1.14842183505e+215 1.89943515685e+181
41.36546184738956 6.013470017e-154 3.44122581163e+228 9.77080374291e-153 1.2169800223e-152 1.0 1.0
41.566265060240966 1.14448050603e+243 3.17095856603e+180 2.19526213164e-152 7.69843823717e+218 1.85683813684e+243 1.0
41.76706827309237 7.26613252475e+223 1.23478425574e-259 8.19690546117e+247 3.68779017974e+180 8.94509904208e+223 5.04547164114e+247
41.967871485943775 9.08367228728e+223 6.01347001511e-154 7.23795206808e+159 2.13945865615e+161 9.63091733756e+223 3.8370009318e+159
42.16867469879518 1.21698453281e-152 5.28964690944e+180 2.64480772358e+180 6.0133465945e-154 1.0 1.32438824381e+180
42.369477911646584 1.38496744045e+219 3.0338648296e-152 3.03107511445e-152 3.4213414804e+180 1.42216899581e+219 1.0
42.570281124497996 3.32230865884e+257 1.23701653556e-259 2.59459130459e+161 3.54557155947e+246 3.81360072893e+257 1.4891354637e+161
42.7710843373494 9.77824554884e+199 6.01334652619e-154 3.15474898517e+180 4.77092983907e+180 1.39944765162e+200 2.25751441641e+180
42.971887550200805 2.07891606543e+262 1.81596890548e-152 6.4802736455e+276 3.45063401686e-85 4.42040510953e+262 6.88951208998e+276
43.17269076305221 1.21861333488e-152 1.94209461318e+227 6.01346952609e-154 6.013470017e-154 1.0 1.0
43.373493975903614 1.8519557144e-70 6.01334499362e-154 6.013470017e-154 8.88769614896e+252 1.0 1.0
43.57429718875502 5.98146407688e-154 6.013470017e-154 5.04499117879e+223 2.43832362896e-154 1.0 7.11703213029e+223
43.77510040160642 6.013470017e-154 2.55212620425e+161 8.88769812442e+252 5.98146407688e-154 1.0 7.37906415217e+252
43.975903614457835 6.013470017e-154 7.47555432647e+247 2.43832362896e-154 6.013470017e-154 1.0 1.0
44.17670682730924 2.55212620425e+161 9.52794135593e-260 6.013470017e-154 7.71012125453e+241 2.72341598346e+161 1.0
44.377510040160644 7.47594015896e+247 2.43832070041e-154 6.013470017e-154 2.35392094668e+180 7.4956726594e+247 1.0
44.57831325301205 9.52467251271e-260 6.013470017e-154 7.71012125453e+241 9.42175422232e-119 1.0 3.94283738209e+241
44.77911646586345 6.013470017e-154 3.13220490072e-120 7.34039502612e+223 6.01347001508e-154 1.0 4.17168503196e+223
44.97991967871486 2.02762986415e+174 2.4600234026e+198 1.8519557144e-70 5.98129743579e-154 2.85034111494e+174 1.0
45.18072289156626 5.29374270057e+180 1.530443116e-94 2.13945865626e+161 6.01347001699e-154 1.08934286131e+181 2.20128191537e+161
45.381526104417674 2.04746602638e+161 4.52352967153e+257 1.33856862909e-152 9.7502377883e+199 9.2384618235e+161 1.0
45.58232931726908 1.14490518142e+243 2.34950229925e+251 1.35786429676e+243 2.00052263904e+161 1.89359375795e+244 1.1229066818e+244
45.78313253012048 2.52489796699e-258 6.013470017e-154 3.28097892994e-85 7.36496486773e+271 1.0 1.0
45.98393574297189 1.89122293651e+219 8.7107338083e+183 1.81596890523e-152 9.75025988618e+199 3.21693119479e+219 1.0
46.18473895582329 5.83442198919e+252 2.11671200982e+214 1.03265759119e-259 6.013470017e-154 7.37604719623e+252 1.0
46.3855421686747 6.72260570386e+217 5.87454820781e-101 6.11214652719e+228 9.74303501755e-154 7.22291170316e+217 3.28351063765e+228
46.5863453815261 1.73357483087e+156 3.9046438852e+233 2.425978329e+198 9.77824554884e+199 1.74068322967e+156 1.21796293925e+198
46.78714859437751 6.01334652619e-154 4.48267992716e+217 3.29673698882e+180 4.9604206811e+180 1.0 1.67974116542e+180
46.98795180722892 1.46922108863e+195 1.69338242678e-152 9.75019444534e+199 3.45500390289e-85 1.65430051653e+195 5.48921868603e+199
47.18875502008032 6.11248938886e+228 9.08367202855e+223 6.01334668178e-154 2.03385958398e+233 8.44523115316e+228 1.0
47.389558232931726 8.93634674189e-106 1.70744189959e+155 1.07218991977e+200 2.44087706745e-154 1.0 1.0690670898e+200
47.59036144578313 1.03647334016e-28 1.0611209488e-153 1.17365078095e+214 6.013470017e-154 1.0 2.45561987969e+214
47.791164658634536 2.50479804001e+262 2.58633919541e+161 2.19993033e-152 3.04040979696e+180 5.87178264814e+263 1.0
47.99196787148595 3.1709581252e+180 1.69375947748e+190 6.63065999127e+265 6.01346953479e-154 9.88232156004e+180 1.03322578858e+266
48.19277108433735 3.77280113783e+233 3.90465955235e+233 7.72445907871e+228 1.69664516887e-152 6.57990360328e+233 6.73587001655e+228
48.393574297188756 6.42543974499e+247 5.03061542857e+223 3.99195779638e+252 1.14323023839e+243 8.23813168326e+247 2.55906796311e+252
48.59437751004016 1.73344601122e+156 6.01347001699e-154 1.27966390786e-152 7.72482857626e+228 1.87588914475e+156 1.0
48.795180722891565 1.09892467016e+155 4.76660047516e+180 6.42536483356e+247 4.95263855002e+223 1.105392732e+155 3.23159165516e+247
48.99598393574297 9.75019398929e+199 1.14282169296e+243 6.01334637077e-154 7.49736673422e+247 9.90273296966e+199 1.0
49.196787148594375 1.44506767312e+214 4.44712982327e+217 1.81596890521e-152 2.43208811381e-152 1.61248479991e+214 1.0
49.397590361445786 3.68779017975e+180 1.0611209488e-153 1.0502064254e-153 1.17365078095e+214 5.010815744e+180 1.0
49.59839357429719 6.013470017e-154 9.81800076065e+252 3.62481990663e+228 1.1357117224e-153 1.0 3.5069562732e+228
49.799196787148595 6.89966769679e+212 2.28895459107e+243 2.45943245134e+198 1.05532471601e+208 2.69260856618e+213 4.79899118149e+198
50.0 2.52083303088e-258 6.013470017e-154 6.20198208304e+223 5.13457951623e+199 1.0 1.24834299741e+225
