1112 OEAB Abha Observations at 12Z 22 Jun 2017
-----------------------------------------------------------------------------
   PRES   HGHT   TEMP   DWPT   RELH   MIXR   DRCT   SKNT   THTA   THTE   THTV
    hPa     m      C      C      %    g/kg    deg   knot     K      K      K 
-----------------------------------------------------------------------------
 1000.0    -18                                                               
  925.0    709                                                               
  850.0   1480                                                               
  794.0   2093   33.2    1.2     13   5.28      5     21  327.2  345.1  328.3
  792.0   2115   28.8   -2.2     13   4.13     40      3  322.8  336.7  323.6
  791.0   2127   28.4   -2.6     13   4.01     41      3  322.4  336.0  323.2
  754.0   2541   24.2   -3.2     16   4.02     75     10  322.4  335.9  323.2
  730.0   2821   21.4   -3.6     18   4.02     90     10  322.3  335.8  323.1
  713.0   3025   19.4   -4.0     20   4.02     70     13  322.2  335.8  323.0
  700.0   3184   17.8   -4.2     22   4.02     80     13  322.2  335.7  322.9
  694.0   3256   17.1   -4.3     23   4.02     80     12  322.2  335.7  323.0
  665.0   3610   13.7   -5.0     27   3.99     60     13  322.3  335.7  323.0
  640.0   3929   10.6   -5.6     32   3.96     80     10  322.3  335.6  323.1
  583.0   4704    3.0   -7.0     48   3.90     61     10  322.2  335.3  322.9
  550.0   5171   -1.5   -7.5     64   3.98     49     10  322.2  335.6  323.0
  511.0   5751   -7.1   -8.7     88   3.90     34     10  322.3  335.4  323.1
  500.0   5920   -7.9  -12.9     67   2.85     30     10  323.3  333.1  323.9
  493.0   6029   -8.8  -13.6     69   2.74     25     11  323.5  332.9  324.0
  481.0   6221  -10.5  -14.7     71   2.56     25     14  323.7  332.6  324.2
  479.0   6253  -10.3  -16.3     61   2.25     25     14  324.4  332.2  324.8
  470.0   6399  -11.9  -15.7     73   2.41     25     17  324.1  332.5  324.6
  461.0   6547  -12.8  -19.6     57   1.77     25     19  324.9  331.1  325.2
  449.0   6749  -13.9  -24.9     39   1.14     46     18  325.9  330.0  326.1
  447.0   6783  -13.1  -40.1      8   0.26     50     18  327.3  328.4  327.4
  434.0   7008  -12.7  -50.7      3   0.08     73     17  330.6  331.0  330.6
  433.0   7026  -12.7  -50.7      3   0.08     75     17  330.8  331.2  330.8
  400.0   7630  -14.3  -52.3      2   0.08     90     19  336.3  336.6  336.3
  397.0   7687  -14.5  -52.5      2   0.07     91     19  336.8  337.1  336.8
  364.0   8327  -19.1  -57.4      2   0.04    105     19  339.1  339.3  339.1
  342.0   8787  -22.4  -61.0      2   0.03     90     20  340.7  340.8  340.7
  305.0   9632  -28.5  -67.5      1   0.01     94     22  343.5  343.5  343.5
  300.0   9750  -28.9  -63.9      2   0.02     95     22  344.5  344.6  344.5
  282.0  10189  -30.4  -67.1      2   0.02     95     19  348.5  348.6  348.5
  279.0  10265  -30.7  -67.7      1   0.02     98     19  349.2  349.2  349.2
  265.0  10624  -33.7  -66.5      2   0.02    110     19  349.9  350.0  349.9
  250.0  11030  -37.1  -65.1      4   0.02    105     21  350.8  350.9  350.8
  226.0  11714  -43.5  -62.9     10   0.04    105     22  351.3  351.5  351.3
  212.0  12147  -47.5  -61.5     18   0.05    102     27  351.5  351.7  351.5
  200.0  12530  -50.5  -61.5     26   0.05    100     32  352.6  352.9  352.6
  195.0  12694  -51.9  -61.9     29   0.05     99     33  353.0  353.2  353.0
  193.0  12761  -51.7  -79.7      2   0.00     98     33  354.3  354.3  354.3
  164.0  13792  -60.3  -74.3     14   0.01     90     38  356.8  356.8  356.8
  150.0  14340  -65.1  -70.1     50   0.02     85     40  357.7  357.8  357.8
  149.0  14381  -65.5  -69.9     54   0.02     85     40  357.7  357.8  357.7
  148.0  14422  -66.1  -70.9     51   0.02     85     41  357.4  357.5  357.4
  140.0  14756  -68.1  -75.3     35   0.01     85     44  359.6  359.6  359.6
  134.0  15019  -69.7  -78.7     26   0.01     88     45  361.3  361.3  361.3
  122.0  15573  -73.7  -77.9     53   0.01     95     48  363.8  363.9  363.8
  106.0  16381  -79.9  -83.6     54   0.00    105     52  366.9  367.0  366.9
  102.0  16598  -80.9  -85.6     45   0.00    105     50  369.1  369.1  369.1
  100.0  16710  -80.7  -86.7     36   0.00    105     51  371.6  371.6  371.6
   93.0  17121  -79.9  -87.0     30   0.00    110     50  380.9  381.0  380.9
   88.2  17420  -79.3  -87.3     26   0.00    139     39  387.9  387.9  387.9
   88.0  17433  -79.3  -87.3     26   0.00    140     39  388.1  388.1  388.1
   84.0  17695  -80.4  -88.0     27   0.00    135     28  391.2  391.2  391.2
   82.0  17831  -80.9  -88.4     28   0.00    120     27  392.8  392.8  392.8
   79.0  18041  -81.8  -89.0     29   0.00     90     31  395.3  395.3  395.3
   76.4  18229  -82.5  -89.5     30   0.00     90     44  397.5  397.5  397.5
   75.0  18335  -80.5  -89.4     22   0.00     90     51  403.9  403.9  403.9
   71.0  18649  -74.5  -89.0      9   0.00    115     36  423.1  423.1  423.1
   70.0  18730  -72.9  -88.9      7   0.00    115     33  428.1  428.1  428.1
   68.0  18901  -69.5  -90.5      3   0.00    103     30  439.0  439.0  439.0
   66.0  19081  -69.2  -91.0      3   0.00     90     27  443.5  443.5  443.5
   64.0  19266  -68.8  -91.6      2   0.00    100     22  448.1  448.1  448.1
   63.0  19361  -68.7  -91.9      2   0.00     85     20  450.5  450.5  450.5
   61.0  19555  -68.3  -92.5      2   0.00     70     29  455.5  455.5  455.5
   59.0  19755  -67.9  -93.1      2   0.00     70     41  460.7  460.7  460.7
   58.0  19858  -67.7  -93.4      2   0.00     75     42  463.4  463.4  463.4
   54.0  20287  -67.0  -94.7      1   0.00    125     25  474.7  474.8  474.7
   52.0  20514  -66.5  -95.4      1   0.00    125     19  480.9  480.9  480.9
   50.0  20750  -66.1  -96.1      1   0.00    105     27  487.3  487.3  487.3
   48.0  20999  -65.8  -96.3      1   0.00     90     35  493.9  493.9  493.9
   45.0  21393  -65.2  -96.5      1   0.00    115     37  504.4  504.4  504.4
   42.0  21814  -64.6  -96.8      1   0.00    120     26  515.9  515.9  515.9
   40.0  22111  -64.2  -97.1      0   0.00    100     32  524.2  524.2  524.2
   39.6  22173  -64.1  -97.1      0   0.00    102     36  525.9  525.9  525.9
   39.0  22267  -63.6  -96.8      0   0.00    105     41  529.4  529.4  529.4
   37.0  22594  -62.0  -95.9      0   0.00    115     28  541.5  541.5  541.5
   34.0  23118  -59.5  -94.5      0   0.00     90     32  561.4  561.4  561.4
   33.1  23286  -59.9  -94.9      0   0.00     90     35  564.7  564.7  564.7
   31.3  23639  -55.5  -91.5      0   0.00     90     42  585.6  585.6  585.6
   31.0  23701  -55.4  -91.4      0   0.00     90     43  587.5  587.5  587.5
   30.0  23910  -55.1  -91.1      0   0.00     95     33  593.8  593.9  593.8
   29.0  24127  -54.8  -91.0      0   0.00    105     39  600.3  600.4  600.3
   28.0  24352  -54.6  -90.8      0   0.00     90     36  607.1  607.2  607.1
   26.0  24826  -54.0  -90.5      0   0.00    115     39  621.7  621.8  621.7
   23.1  25583  -53.1  -90.1      0   0.01     97     40  645.7  645.8  645.8
   22.9  25639  -53.1  -90.1      0   0.01     96     40  647.4  647.4  647.4
   22.0  25897  -53.0  -90.0      0   0.01     90     40  655.0  655.0  655.0
   20.0  26510  -52.9  -89.9      0   0.01    100     44  673.5  673.6  673.5
   19.2  26774  -52.9  -89.9      0   0.01    100     43  681.4  681.5  681.4
   19.0  26843  -52.5  -89.6      0   0.01    100     43  684.6  684.7  684.6
   16.0  27977  -46.2  -85.2      0   0.02     65     45  739.5  739.7  739.5
   14.6  28582  -42.9  -82.9      0   0.03     75     49  770.3  770.6  770.3
   11.0  30488  -43.6  -83.7      0   0.03    105     61  832.5  832.9  832.5
   10.6  30738  -43.8  -83.8      0   0.03    105     61  841.0  841.5  841.0
   10.0  31130  -43.9  -83.9      0   0.04     95     54  854.5  855.0  854.6
    9.8  31266  -43.1  -83.1      0   0.04                862.5  863.0  862.5
Station information and sounding indices
                         Station identifier: OEAB
                             Station number: 41112
                           Observation time: 170622/1200
                           Station latitude: 18.23
                          Station longitude: 42.65
                          Station elevation: 2093.0
                               Lifted index: 0.63
    LIFT computed using virtual temperature: 0.45
      Convective Available Potential Energy: 26.79
             CAPE using virtual temperature: 32.02
                      Convective Inhibition: -5.29
             CINS using virtual temperature: -2.72
                           Equilibrum Level: 448.97
 Equilibrum Level using virtual temperature: 448.28
                   Level of Free Convection: 482.31
             LFCT using virtual temperature: 486.72
                     Bulk Richardson Number: 9.39
          Bulk Richardson Number using CAPV: 11.23
  Temp [K] of the Lifted Condensation Level: 264.59
Pres [hPa] of the Lifted Condensation Level: 500.18
     Mean mixed layer potential temperature: 322.53
              Mean mixed layer mixing ratio: 4.05
              1000 hPa to 500 hPa thickness: 5938.00
Precipitable water [mm] for entire sounding: 13.17

