	﻿41112 OEAB Abha Observations at 12Z 22 Dec 2017
-----------------------------------------------------------------------------
   PRES   HGHT   TEMP   DWPT   RELH   MIXR   DRCT   SKNT   THTA   THTE   THTV
    hPa     m      C      C      %    g/kg    deg   knot     K      K      K 
-----------------------------------------------------------------------------
 1000.0     73                                                               
  925.0    780                                                               
  850.0   1530                                                               
  797.0   2093   23.2  -16.8      6   1.30    290     16  316.2  320.7  316.4
  795.0   2114   22.9  -17.0      6   1.28    325      5  316.1  320.6  316.4
  779.0   2285   20.9  -18.4      6   1.16    350     10  315.8  319.8  316.0
  710.0   3065   11.4  -25.0      6   0.71     70     13  313.9  316.4  314.0
  700.0   3184   10.0  -26.0      6   0.66     65     11  313.5  315.9  313.6
  685.0   3363    8.2  -26.8      6   0.63     72     15  313.5  315.7  313.6
  655.0   3729    6.0  -26.6      8   0.67     85     24  315.0  317.4  315.1
  645.0   3854    5.2  -26.5      8   0.69    100     28  315.5  318.0  315.6
  637.0   3956    4.6  -26.4      8   0.70     95     29  315.9  318.5  316.1
  587.0   4620    4.2  -21.8     13   1.14     62     34  322.9  327.1  323.2
  577.0   4757    3.3  -23.1     12   1.04     55     35  323.4  327.2  323.6
  548.0   5168    0.5  -26.8     11   0.78     45     29  324.9  327.8  325.1
  502.0   5868   -4.3  -33.2      8   0.47     65     18  327.4  329.2  327.5
  500.0   5900   -4.5  -33.5      8   0.46     60     18  327.5  329.2  327.6
  491.0   6043   -5.3  -35.3      7   0.39     58     19  328.2  329.7  328.3
  437.0   6944  -13.7  -39.7      9   0.28     42     25  328.7  329.8  328.7
  400.0   7610  -19.1  -39.1     15   0.32     30     29  330.1  331.4  330.1
  389.0   7817  -20.7  -38.7     18   0.35     24     30  330.6  332.0  330.7
  374.0   8101  -23.0  -41.9     16   0.26     15     32  331.3  332.3  331.3
  331.0   8984  -30.2  -51.8     10   0.10      0     31  333.1  333.6  333.2
  324.0   9138  -31.5  -53.5     10   0.08      3     34  333.4  333.8  333.5
  319.0   9248  -30.9  -62.9      3   0.03      6     36  335.8  335.9  335.8
  300.0   9680  -34.5  -57.5      8   0.05     15     44  336.6  336.9  336.6
  294.0   9820  -35.8  -57.8      9   0.05     15     46  336.8  337.0  336.8
  275.0  10283  -39.9  -58.9     11   0.05      8     55  337.3  337.5  337.3
  266.0  10509  -41.3  -60.6     11   0.04      5     60  338.5  338.7  338.5
  250.0  10930  -43.9  -63.9      9   0.03    350     59  340.7  340.8  340.7
  248.0  10983  -44.3  -64.2      9   0.03    350     60  340.9  341.0  340.9
  224.0  11657  -49.4  -68.5      9   0.02    350     65  343.1  343.1  343.1
  221.0  11747  -50.1  -69.1      9   0.02    350     64  343.3  343.4  343.3
  200.0  12390  -56.3  -67.3     24   0.02    350     59  343.4  343.6  343.5
  188.0  12779  -59.9  -68.9     30   0.02    353     61  343.8  343.9  343.8
  180.0  13050  -61.1  -72.1     22   0.01    355     62  346.1  346.2  346.1
  176.0  13189  -61.7  -73.7     19   0.01    357     58  347.4  347.4  347.4
  169.0  13436  -63.8  -74.3     22   0.01      0     50  347.9  348.0  347.9
  156.0  13923  -67.9  -75.6     33   0.01    355     32  349.0  349.0  349.0
  153.0  14041  -68.9  -75.9     36   0.01    340     31  349.2  349.3  349.2
  150.0  14160  -68.3  -78.3     23   0.01    325     29  352.2  352.3  352.2
  149.0  14200  -68.3  -78.6     22   0.01    325     29  352.8  352.9  352.8
  145.0  14362  -68.5  -79.8     18   0.00    305     32  355.3  355.3  355.3
  133.0  14878  -69.0  -83.8     10   0.00    325     43  363.2  363.2  363.2
  132.0  14923  -69.1  -84.1     10   0.00    323     43  363.9  363.9  363.9
  119.0  15532  -73.2  -85.9     13   0.00    300     42  367.4  367.4  367.4
  115.0  15732  -74.5  -86.5     14   0.00    307     49  368.5  368.5  368.5
  113.0  15834  -74.7  -86.9     14   0.00    310     53  370.1  370.1  370.1
  100.0  16540  -75.7  -89.7     10   0.00    325     46  381.2  381.2  381.2
Station information and sounding indices
                         Station identifier: OEAB
                             Station number: 41112
                           Observation time: 171222/1200
                           Station latitude: 18.23
                          Station longitude: 42.65
                          Station elevation: 2093.0
                               Lifted index: 12.21
    LIFT computed using virtual temperature: 11.96
      Convective Available Potential Energy: 0.00
             CAPE using virtual temperature: 0.00
                      Convective Inhibition: 0.00
             CINS using virtual temperature: 0.00
                     Bulk Richardson Number: 0.00
          Bulk Richardson Number using CAPV: 0.00
  Temp [K] of the Lifted Condensation Level: 247.47
Pres [hPa] of the Lifted Condensation Level: 426.81
     Mean mixed layer potential temperature: 315.64
              Mean mixed layer mixing ratio: 1.12
              1000 hPa to 500 hPa thickness: 5827.00
Precipitable water [mm] for entire sounding: 3.09

